%%MatrixMarket matrix coordinate  real general
400 400 4564
1 1 6.2724166666666656411166513862553983926773071289062500000000000000e+00
2 1 1.0611041666666669591734262212412431836128234863281250000000000000e+00
3 1 2.0000000000000000416333634234433702658861875534057617187500000000e-03
5 1 6.3104166666666600127300057465618010610342025756835937500000000000e-02
8 1 -2.0000000000000000416333634234433702658861875534057617187500000000e-03
1 2 1.0611041666666669591734262212412431836128234863281250000000000000e+00
2 2 7.0336464169496322185182179964613169431686401367187500000000000000e+00
3 2 9.9905921052631585510539480310399085283279418945312500000000000000e-01
5 2 1.6675813230994140923257873510010540485382080078125000000000000000e-01
6 2 -2.1074561403508001652951087123710749438032507896423339843750000000e-03
10 2 7.9246107750895994348283579711278434842824935913085937500000000000e-02
11 2 1.8518296813101300934967241573758656159043312072753906250000000000e-01
14 2 1.6315789473683999389469478913383682083804160356521606445312500000e-03
17 2 1.4166666666665999815832854835662146797403693199157714843750000000e-03
1 3 2.0000000000000000416333634234433702658861875534057617187500000000e-03
2 3 9.9905921052631585510539480310399085283279418945312500000000000000e-01
3 3 7.0300335137238256777436617994681000709533691406250000000000000000e+00
4 3 1.0000000000000000000000000000000000000000000000000000000000000000e+00
5 3 -2.1074561403508001652951087123710749438032507896423339843750000000e-03
6 3 1.6675813230994140923257873510010540485382080078125000000000000000e-01
8 3 6.3104166666666600127300057465618010610342025756835937500000000000e-02
10 3 -5.8333333333339995162986069132671218540053814649581909179687500000e-04
11 3 1.6315789473683999389469478913383682083804160356521606445312500000e-03
14 3 1.8208619393746461323502217055647633969783782958984375000000000000e-01
17 3 8.2149333557347603562703852730919606983661651611328125000000000000e-02
3 4 1.0000000000000000000000000000000000000000000000000000000000000000e+00
4 4 6.0201822916666660745477201999165117740631103515625000000000000000e+00
5 4 1.0000000000000000000000000000000000000000000000000000000000000000e+00
7 4 3.3637152777778000882491493683801309089176356792449951171875000000e-03
9 4 1.3020833333334000479070136080395059252623468637466430664062500000e-03
16 4 3.7434895833333998310665791109386191237717866897583007812500000000e-03
18 4 1.6818576388888000806842715206812499673105776309967041015625000000e-03
1 5 6.3104166666666600127300057465618010610342025756835937500000000000e-02
2 5 1.6675813230994140923257873510010540485382080078125000000000000000e-01
3 5 -2.1074561403508001652951087123710749438032507896423339843750000000e-03
4 5 1.0000000000000000000000000000000000000000000000000000000000000000e+00
5 5 7.0300335137238256777436617994681000709533691406250000000000000000e+00
6 5 9.9905921052631585510539480310399085283279418945312500000000000000e-01
8 5 2.0000000000000000416333634234433702658861875534057617187500000000e-03
11 5 1.8208619393746461323502217055647633969783782958984375000000000000e-01
12 5 8.2149333557347603562703852730919606983661651611328125000000000000e-02
13 5 -5.8333333333339995162986069132671218540053814649581909179687500000e-04
14 5 1.6315789473683999389469478913383682083804160356521606445312500000e-03
2 6 -2.1074561403508001652951087123710749438032507896423339843750000000e-03
3 6 1.6675813230994140923257873510010540485382080078125000000000000000e-01
5 6 9.9905921052631585510539480310399085283279418945312500000000000000e-01
6 6 7.0336464169496322185182179964613169431686401367187500000000000000e+00
7 6 1.0000000000000000000000000000000000000000000000000000000000000000e+00
8 6 6.1104166666666598350943218065367545932531356811523437500000000000e-02
11 6 1.6315789473683999389469478913383682083804160356521606445312500000e-03
12 6 1.4166666666665999815832854835662146797403693199157714843750000000e-03
13 6 7.9246107750895994348283579711278434842824935913085937500000000000e-02
14 6 1.8518296813101300934967241573758656159043312072753906250000000000e-01
4 7 3.3637152777778000882491493683801309089176356792449951171875000000e-03
6 7 1.0000000000000000000000000000000000000000000000000000000000000000e+00
7 7 6.0201822916666660745477201999165117740631103515625000000000000000e+00
8 7 1.0000000000000000000000000000000000000000000000000000000000000000e+00
9 7 1.3020833333334000479070136080395059252623468637466430664062500000e-03
15 7 1.6818576388888000806842715206812499673105776309967041015625000000e-03
16 7 3.7434895833333998310665791109386191237717866897583007812500000000e-03
1 8 -2.0000000000000000416333634234433702658861875534057617187500000000e-03
3 8 6.3104166666666600127300057465618010610342025756835937500000000000e-02
5 8 2.0000000000000000416333634234433702658861875534057617187500000000e-03
6 8 6.1104166666666598350943218065367545932531356811523437500000000000e-02
7 8 1.0000000000000000000000000000000000000000000000000000000000000000e+00
8 8 6.2724166666666656411166513862553983926773071289062500000000000000e+00
9 8 1.0000000000000000000000000000000000000000000000000000000000000000e+00
4 9 1.3020833333334000479070136080395059252623468637466430664062500000e-03
7 9 1.3020833333334000479070136080395059252623468637466430664062500000e-03
8 9 1.0000000000000000000000000000000000000000000000000000000000000000e+00
9 9 6.0052083333333339254522798000834882259368896484375000000000000000e+00
10 9 1.0000000000000000000000000000000000000000000000000000000000000000e+00
2 10 7.9246107750895994348283579711278434842824935913085937500000000000e-02
3 10 -5.8333333333339995162986069132671218540053814649581909179687500000e-04
9 10 1.0000000000000000000000000000000000000000000000000000000000000000e+00
10 10 7.1004244399099203377545563853345811367034912109375000000000000000e+00
11 10 1.1973779493828009545808299662894569337368011474609375000000000000e+00
14 10 -1.8154107214457999592421844070599945553112775087356567382812500000e-03
17 10 -2.3301195726939998779762841518703453402849845588207244873046875000e-04
19 10 1.8262447065117701217040746541897533461451530456542968750000000000e-01
20 10 2.1700000000000000538458166943200922105461359024047851562500000000e-03
28 10 6.6357917944667804688307910510047804564237594604492187500000000000e-02
29 10 4.6175601204859998034912837994170331512577831745147705078125000000e-04
2 11 1.8518296813101300934967241573758656159043312072753906250000000000e-01
3 11 1.6315789473683999389469478913383682083804160356521606445312500000e-03
5 11 1.8208619393746461323502217055647633969783782958984375000000000000e-01
6 11 1.6315789473683999389469478913383682083804160356521606445312500000e-03
10 11 1.1973779493828009545808299662894569337368011474609375000000000000e+00
11 11 8.5730164724360164996141975279897451400756835937500000000000000000e+00
12 11 1.1642708246521540349505130507168360054492950439453125000000000000e+00
13 11 -2.0436312456016000015102118680943021900020539760589599609375000000e-03
14 11 -1.7366558533140000609822084509659134710091166198253631591796875000e-04
17 11 -1.8154107214457999592421844070599945553112775087356567382812500000e-03
19 11 2.2401399929490520279706800010899314656853675842285156250000000000e-01
20 11 -6.1346326623219998679104048022736606071703135967254638671875000000e-04
22 11 1.6466421031016639786592747896065702661871910095214843750000000000e-01
23 11 1.2666322346515221375362614253390347585082054138183593750000000000e-01
24 11 -7.7871921182260002425312706009208341129124164581298828125000000000e-04
26 11 2.1617321356970000539865495170488429721444845199584960937500000000e-03
5 12 8.2149333557347603562703852730919606983661651611328125000000000000e-02
6 12 1.4166666666665999815832854835662146797403693199157714843750000000e-03
11 12 1.1642708246521540349505130507168360054492950439453125000000000000e+00
12 12 7.2815350073257540941540355561301112174987792968750000000000000000e+00
13 12 1.0002807022636639455726026426418684422969818115234375000000000000e+00
14 12 -2.0436312456016000015102118680943021900020539760589599609375000000e-03
23 12 1.5948113333951999259774368056241655722260475158691406250000000000e-01
24 12 4.6251231527100000002691859712911082169739529490470886230468750000e-04
31 12 1.4897515142925860098799262232205364853143692016601562500000000000e-01
32 12 1.8837500000000000077715611723760957829654216766357421875000000000e-03
34 12 6.6109126984127006276814597640623105689883232116699218750000000000e-02
35 12 -2.0000000000000000416333634234433702658861875534057617187500000000e-03
5 13 -5.8333333333339995162986069132671218540053814649581909179687500000e-04
6 13 7.9246107750895994348283579711278434842824935913085937500000000000e-02
11 13 -2.0436312456016000015102118680943021900020539760589599609375000000e-03
12 13 1.0002807022636639455726026426418684422969818115234375000000000000e+00
13 13 7.2865278142263996130623127100989222526550292968750000000000000000e+00
14 13 1.1646436198213889756658545593381859362125396728515625000000000000e+00
23 13 4.6251231527100000002691859712911082169739529490470886230468750000e-04
24 13 1.6275920543983340982308050115534570068120956420898437500000000000e-01
31 13 1.8837500000000000077715611723760957829654216766357421875000000000e-03
32 13 1.4782634461107679868518971488811075687408447265625000000000000000e-01
35 13 6.4013888888888995087889099977473961189389228820800781250000000000e-02
2 14 1.6315789473683999389469478913383682083804160356521606445312500000e-03
3 14 1.8208619393746461323502217055647633969783782958984375000000000000e-01
5 14 1.6315789473683999389469478913383682083804160356521606445312500000e-03
6 14 1.8518296813101300934967241573758656159043312072753906250000000000e-01
10 14 -1.8154107214457999592421844070599945553112775087356567382812500000e-03
11 14 -1.7366558533140000609822084509659134710091166198253631591796875000e-04
12 14 -2.0436312456016000015102118680943021900020539760589599609375000000e-03
13 14 1.1646436198213889756658545593381859362125396728515625000000000000e+00
14 14 8.5790550506123661733681728946976363658905029296875000000000000000e+00
15 14 1.0000000000000000000000000000000000000000000000000000000000000000e+00
17 14 1.9537486714091759076872278910741442814469337463378906250000000000e-01
19 14 -6.1346326623219998679104048022736606071703135967254638671875000000e-04
20 14 2.2822060454906881177272737204475561156868934631347656250000000000e-01
22 14 2.1617321356970000539865495170488429721444845199584960937500000000e-03
23 14 -7.7871921182260002425312706009208341129124164581298828125000000000e-04
24 14 1.2149908553411779832398309508789679966866970062255859375000000000e-01
26 14 1.6423274097150938888312055041751591488718986511230468750000000000e-01
7 15 1.6818576388888000806842715206812499673105776309967041015625000000e-03
14 15 1.0000000000000000000000000000000000000000000000000000000000000000e+00
15 15 6.0252350614725056487941401428543031215667724609375000000000000000e+00
16 15 1.0033207646122690448464709334075450897216796875000000000000000000e+00
25 15 3.2628204276502000176496398609060634043999016284942626953125000000e-03
33 15 2.9880007558580000924519648464183774194680154323577880859375000000e-03
36 15 1.3640873015873999571367924943388061365112662315368652343750000000e-03
4 16 3.7434895833333998310665791109386191237717866897583007812500000000e-03
7 16 3.7434895833333998310665791109386191237717866897583007812500000000e-03
15 16 1.0033207646122690448464709334075450897216796875000000000000000000e+00
16 16 6.0506153521078340773442505451384931802749633789062500000000000000e+00
17 16 1.0000000000000000000000000000000000000000000000000000000000000000e+00
18 16 3.9720599691670001318843929993818164803087711334228515625000000000e-03
21 16 4.5804046605561997418387676361817284487187862396240234375000000000e-03
25 16 2.6480861441798000596725692901145521318539977073669433593750000000e-03
27 16 3.2993815010783997948573542657868529204279184341430664062500000000e-03
2 17 1.4166666666665999815832854835662146797403693199157714843750000000e-03
3 17 8.2149333557347603562703852730919606983661651611328125000000000000e-02
10 17 -2.3301195726939998779762841518703453402849845588207244873046875000e-04
11 17 -1.8154107214457999592421844070599945553112775087356567382812500000e-03
14 17 1.9537486714091759076872278910741442814469337463378906250000000000e-01
16 17 1.0000000000000000000000000000000000000000000000000000000000000000e+00
17 17 7.0962590610291078618843130243476480245590209960937500000000000000e+00
18 17 1.0000000000000000000000000000000000000000000000000000000000000000e+00
19 17 2.1700000000000000538458166943200922105461359024047851562500000000e-03
20 17 1.8131715682567320357954088194674113765358924865722656250000000000e-01
28 17 -1.5382439879514000612842350435016669507604092359542846679687500000e-03
29 17 6.8847777646009203356136652018903987482190132141113281250000000000e-02
4 18 1.6818576388888000806842715206812499673105776309967041015625000000e-03
16 18 3.9720599691670001318843929993818164803087711334228515625000000000e-03
17 18 1.0000000000000000000000000000000000000000000000000000000000000000e+00
18 18 6.0215163733136902735054718505125492811203002929687500000000000000e+00
19 18 1.0000000000000000000000000000000000000000000000000000000000000000e+00
21 18 3.6972356895336000275065213571679123560898005962371826171875000000e-03
30 18 1.4070333592555999031870062054849768173880875110626220703125000000e-03
10 19 1.8262447065117701217040746541897533461451530456542968750000000000e-01
11 19 2.2401399929490520279706800010899314656853675842285156250000000000e-01
14 19 -6.1346326623219998679104048022736606071703135967254638671875000000e-04
17 19 2.1700000000000000538458166943200922105461359024047851562500000000e-03
18 19 1.0000000000000000000000000000000000000000000000000000000000000000e+00
19 19 8.4082023159369221332326560514047741889953613281250000000000000000e+00
20 19 1.0001276755074099966691392182838171720504760742187500000000000000e+00
22 19 1.7371259070050878992041987203265307471156120300292968750000000000e-01
26 19 -1.5400603447639998975354780341717741976026445627212524414062500000e-03
28 19 1.6441247044174001068483903509331867098808288574218750000000000000e-01
29 19 -1.6564050666243999073573567315520449483301490545272827148437500000e-03
37 19 1.3306357414902861280303625335363904014229774475097656250000000000e-01
50 19 1.1703027294665779844962116840179078280925750732421875000000000000e-01
51 19 1.7880480638946000954137005578559183049947023391723632812500000000e-03
52 19 1.1671810625301999760072835243818190065212547779083251953125000000e-03
55 19 1.6904739521079420461191489266639109700918197631835937500000000000e-01
56 19 -1.4429759562142000384882267738362315867561846971511840820312500000e-03
10 20 2.1700000000000000538458166943200922105461359024047851562500000000e-03
11 20 -6.1346326623219998679104048022736606071703135967254638671875000000e-04
14 20 2.2822060454906881177272737204475561156868934631347656250000000000e-01
17 20 1.8131715682567320357954088194674113765358924865722656250000000000e-01
19 20 1.0001276755074099966691392182838171720504760742187500000000000000e+00
20 20 8.4135297442557313019051434821449220180511474609375000000000000000e+00
21 20 1.0000000000000000000000000000000000000000000000000000000000000000e+00
22 20 -1.5400603447639998975354780341717741976026445627212524414062500000e-03
26 20 1.7047758369846460757557338183687534183263778686523437500000000000e-01
28 20 -1.6564050666243999073573567315520449483301490545272827148437500000e-03
29 20 1.6045040027390661263595461605291347950696945190429687500000000000e-01
37 20 1.7880480638946000954137005578559183049947023391723632812500000000e-03
50 20 1.1671810625301999760072835243818190065212547779083251953125000000e-03
51 20 1.3418133115164118662754333399789175018668174743652343750000000000e-01
52 20 1.1446074770622480243353891182778170332312583923339843750000000000e-01
55 20 -1.4429759562142000384882267738362315867561846971511840820312500000e-03
56 20 1.7213323503042859963230171160830650478601455688476562500000000000e-01
16 21 4.5804046605561997418387676361817284487187862396240234375000000000e-03
18 21 3.6972356895336000275065213571679123560898005962371826171875000000e-03
20 21 1.0000000000000000000000000000000000000000000000000000000000000000e+00
21 21 6.0473601186272656349274257081560790538787841796875000000000000000e+00
22 21 1.0000000000000000000000000000000000000000000000000000000000000000e+00
27 21 3.4913538580624002040375675193217830383218824863433837890625000000e-03
30 21 3.3525792928840001012880112085667860810644924640655517578125000000e-03
53 21 2.7058941755920000622748222696145603549666702747344970703125000000e-03
54 21 2.4023030555683998719940230870406594476662576198577880859375000000e-03
57 21 3.4502885814362001075383812320751530933193862438201904296875000000e-03
11 22 1.6466421031016639786592747896065702661871910095214843750000000000e-01
14 22 2.1617321356970000539865495170488429721444845199584960937500000000e-03
19 22 1.7371259070050878992041987203265307471156120300292968750000000000e-01
20 22 -1.5400603447639998975354780341717741976026445627212524414062500000e-03
21 22 1.0000000000000000000000000000000000000000000000000000000000000000e+00
22 22 7.9333711102972479523032234283164143562316894531250000000000000000e+00
23 22 1.0923356803782811041969580401200801134109497070312500000000000000e+00
24 22 -1.4198440050789999048591605301794515980873256921768188476562500000e-03
26 22 2.7755252044640000251563005662092109560035169124603271484375000000e-03
38 22 1.4078484961998918856274087829660857096314430236816406250000000000e-01
39 22 1.4830316911888580255762803972174879163503646850585937500000000000e-01
46 22 7.4718543330239996485414577520600687421392649412155151367187500000e-04
48 22 1.4435834484808000421213192154823445889633148908615112304687500000e-03
50 22 9.9413719794550603481297912367153912782669067382812500000000000000e-02
52 22 -1.5599919203372000515300799250439922616351395845413208007812500000e-03
61 22 9.4617836517060002754497816113143926486372947692871093750000000000e-02
62 22 -2.6081299517639999069329448388998571317642927169799804687500000000e-03
11 23 1.2666322346515221375362614253390347585082054138183593750000000000e-01
12 23 1.5948113333951999259774368056241655722260475158691406250000000000e-01
13 23 4.6251231527100000002691859712911082169739529490470886230468750000e-04
14 23 -7.7871921182260002425312706009208341129124164581298828125000000000e-04
22 23 1.0923356803782811041969580401200801134109497070312500000000000000e+00
23 23 7.3053400983820120373479767295066267251968383789062500000000000000e+00
24 23 1.0025089554492940813190671178745105862617492675781250000000000000e+00
26 23 -1.4198440050789999048591605301794515980873256921768188476562500000e-03
31 23 1.2689517096457419986776926634775009006261825561523437500000000000e-01
32 23 -2.4822764375114002126376799850504539790563285350799560546875000000e-03
61 23 1.0037207693919900086676477712899213656783103942871093750000000000e-01
62 23 1.7093718898482000104893652192572517378721386194229125976562500000e-03
11 24 -7.7871921182260002425312706009208341129124164581298828125000000000e-04
12 24 4.6251231527100000002691859712911082169739529490470886230468750000e-04
13 24 1.6275920543983340982308050115534570068120956420898437500000000000e-01
14 24 1.2149908553411779832398309508789679966866970062255859375000000000e-01
22 24 -1.4198440050789999048591605301794515980873256921768188476562500000e-03
23 24 1.0025089554492940813190671178745105862617492675781250000000000000e+00
24 24 7.3108191156785080622171335562597960233688354492187500000000000000e+00
25 24 1.0000000000000000000000000000000000000000000000000000000000000000e+00
26 24 9.6810751422479399130871513534657424315810203552246093750000000000e-02
31 24 -2.4822764375114002126376799850504539790563285350799560546875000000e-03
32 24 1.2397696191049259462069187520683044567704200744628906250000000000e-01
61 24 1.7093718898482000104893652192572517378721386194229125976562500000e-03
62 24 9.7961772131555796550017589652270544320344924926757812500000000000e-02
15 25 3.2628204276502000176496398609060634043999016284942626953125000000e-03
16 25 2.6480861441798000596725692901145521318539977073669433593750000000e-03
24 25 1.0000000000000000000000000000000000000000000000000000000000000000e+00
25 25 6.0251683466855538995332608465105295181274414062500000000000000000e+00
26 25 1.0000000000000000000000000000000000000000000000000000000000000000e+00
27 25 2.0192227072693999349872751025714023853652179241180419921875000000e-03
33 25 2.6339569907395999660837393463452826836146414279937744140625000000e-03
63 25 2.0200870729382000220986093097508273785933852195739746093750000000e-03
11 26 2.1617321356970000539865495170488429721444845199584960937500000000e-03
14 26 1.6423274097150938888312055041751591488718986511230468750000000000e-01
19 26 -1.5400603447639998975354780341717741976026445627212524414062500000e-03
20 26 1.7047758369846460757557338183687534183263778686523437500000000000e-01
22 26 2.7755252044640000251563005662092109560035169124603271484375000000e-03
23 26 -1.4198440050789999048591605301794515980873256921768188476562500000e-03
24 26 9.6810751422479399130871513534657424315810203552246093750000000000e-02
25 26 1.0000000000000000000000000000000000000000000000000000000000000000e+00
26 26 7.9251804964306797884887600957881659269332885742187500000000000000e+00
27 26 1.0000000000000000000000000000000000000000000000000000000000000000e+00
38 26 1.4435834484808000421213192154823445889633148908615112304687500000e-03
39 26 7.4718543330239996485414577520600687421392649412155151367187500000e-04
46 26 1.4436190521737199410345908745512133464217185974121093750000000000e-01
48 26 1.4403587895274319596872203419479774311184883117675781250000000000e-01
50 26 -1.5599919203372000515300799250439922616351395845413208007812500000e-03
52 26 1.0255002120300840684485876863618614152073860168457031250000000000e-01
61 26 -2.6081299517639999069329448388998571317642927169799804687500000000e-03
62 26 9.5458481907149200784701292832323815673589706420898437500000000000e-02
16 27 3.2993815010783997948573542657868529204279184341430664062500000000e-03
21 27 3.4913538580624002040375675193217830383218824863433837890625000000e-03
25 27 2.0192227072693999349872751025714023853652179241180419921875000000e-03
26 27 1.0000000000000000000000000000000000000000000000000000000000000000e+00
27 27 6.0376103522317619010095768317114561796188354492187500000000000000e+00
28 27 1.0000000000000000000000000000000000000000000000000000000000000000e+00
47 27 2.9350984968606001063173849274789972696453332901000976562500000000e-03
49 27 2.8789370858740000007347514809907806920818984508514404296875000000e-03
54 27 2.1580645235322001330990904222062454209662973880767822265625000000e-03
63 27 2.0231179432037998434934511493565878481604158878326416015625000000e-03
10 28 6.6357917944667804688307910510047804564237594604492187500000000000e-02
17 28 -1.5382439879514000612842350435016669507604092359542846679687500000e-03
19 28 1.6441247044174001068483903509331867098808288574218750000000000000e-01
20 28 -1.6564050666243999073573567315520449483301490545272827148437500000e-03
27 28 1.0000000000000000000000000000000000000000000000000000000000000000e+00
28 28 6.9197603499481701305739989038556814193725585937500000000000000000e+00
29 28 1.0015237020473128914943572453921660780906677246093750000000000000e+00
55 28 1.5306973539737719902653623194055398926138877868652343750000000000e-01
56 28 2.0662370824473998837111921034193073865026235580444335937500000000e-03
58 28 5.2386050375775199128280945615188102237880229949951171875000000000e-02
59 28 -3.9529007518479997336513509509359209914691746234893798828125000000e-04
10 29 4.6175601204859998034912837994170331512577831745147705078125000000e-04
17 29 6.8847777646009203356136652018903987482190132141113281250000000000e-02
19 29 -1.6564050666243999073573567315520449483301490545272827148437500000e-03
20 29 1.6045040027390661263595461605291347950696945190429687500000000000e-01
28 29 1.0015237020473128914943572453921660780906677246093750000000000000e+00
29 29 6.9196829768604120047825745132286101579666137695312500000000000000e+00
30 29 1.0000000000000000000000000000000000000000000000000000000000000000e+00
55 29 2.0662370824473998837111921034193073865026235580444335937500000000e-03
56 29 1.5339459976875641222804347307828720659017562866210937500000000000e-01
58 29 -2.3952900751847997981580640214360755635425448417663574218750000000e-03
59 29 5.3572083014766000430562087331054499372839927673339843750000000000e-02
18 30 1.4070333592555999031870062054849768173880875110626220703125000000e-03
21 30 3.3525792928840001012880112085667860810644924640655517578125000000e-03
29 30 1.0000000000000000000000000000000000000000000000000000000000000000e+00
30 30 6.0179221269826719264983694301918148994445800781250000000000000000e+00
31 30 1.0000000000000000000000000000000000000000000000000000000000000000e+00
57 30 3.0734983864127997897630617529785013175569474697113037109375000000e-03
60 30 1.1279524527842000984623194170808346825651824474334716796875000000e-03
12 31 1.4897515142925860098799262232205364853143692016601562500000000000e-01
13 31 1.8837500000000000077715611723760957829654216766357421875000000000e-03
23 31 1.2689517096457419986776926634775009006261825561523437500000000000e-01
24 31 -2.4822764375114002126376799850504539790563285350799560546875000000e-03
30 31 1.0000000000000000000000000000000000000000000000000000000000000000e+00
31 31 7.7360823778292839847381401341408491134643554687500000000000000000e+00
32 31 1.0003726964697450263486189214745536446571350097656250000000000000e+00
34 31 1.2877236652236659364412219019868643954396247863769531250000000000e-01
40 31 1.5191055196744041033696248632622882723808288574218750000000000000e-01
41 31 1.5488671757646541027320097327901748940348625183105468750000000000e-01
42 31 -2.0297544495715999328389056444166271830908954143524169921875000000e-03
43 31 1.5291457493281999501649748296472353104036301374435424804687500000e-03
61 31 1.0895029430847019691341870384349022060632705688476562500000000000e-01
62 31 7.2643866800940000601205515096125964191742241382598876953125000000e-04
12 32 1.8837500000000000077715611723760957829654216766357421875000000000e-03
13 32 1.4782634461107679868518971488811075687408447265625000000000000000e-01
23 32 -2.4822764375114002126376799850504539790563285350799560546875000000e-03
24 32 1.2397696191049259462069187520683044567704200744628906250000000000e-01
31 32 1.0003726964697450263486189214745536446571350097656250000000000000e+00
32 32 7.7336485254483280371573528100270777940750122070312500000000000000e+00
33 32 1.0000000000000000000000000000000000000000000000000000000000000000e+00
35 32 1.3259054834054839755452803728985600173473358154296875000000000000e-01
40 32 1.5291457493281999501649748296472353104036301374435424804687500000e-03
41 32 -2.0297544495715999328389056444166271830908954143524169921875000000e-03
42 32 1.5498256052307060604000810144498245790600776672363281250000000000e-01
43 32 1.4823159989423459470536670323781436309218406677246093750000000000e-01
61 32 7.2643866800940000601205515096125964191742241382598876953125000000e-04
62 32 1.1399916367963039420807547230651834979653358459472656250000000000e-01
15 33 2.9880007558580000924519648464183774194680154323577880859375000000e-03
25 33 2.6339569907395999660837393463452826836146414279937744140625000000e-03
32 33 1.0000000000000000000000000000000000000000000000000000000000000000e+00
33 33 6.0337686288336636053486472519580274820327758789062500000000000000e+00
34 33 1.0000000000000000000000000000000000000000000000000000000000000000e+00
36 33 2.7281746031745999873929786616599812987260520458221435546875000000e-03
44 33 3.1137156468490001168247793827958957990631461143493652343750000000e-03
45 33 3.0800256145017998292423566653042144025675952434539794921875000000e-03
63 33 2.3404408057091999340038057653146097436547279357910156250000000000e-03
12 34 6.6109126984127006276814597640623105689883232116699218750000000000e-02
31 34 1.2877236652236659364412219019868643954396247863769531250000000000e-01
33 34 1.0000000000000000000000000000000000000000000000000000000000000000e+00
34 34 6.5692886002886003993239683040883392095565795898437500000000000000e+00
35 34 1.0000000000000000000000000000000000000000000000000000000000000000e+00
41 34 6.6109126984127006276814597640623105689883232116699218750000000000e-02
12 35 -2.0000000000000000416333634234433702658861875534057617187500000000e-03
13 35 6.4013888888888995087889099977473961189389228820800781250000000000e-02
32 35 1.3259054834054839755452803728985600173473358154296875000000000000e-01
34 35 1.0000000000000000000000000000000000000000000000000000000000000000e+00
35 35 6.5700331890331895579038246069103479385375976562500000000000000000e+00
36 35 1.0000000000000000000000000000000000000000000000000000000000000000e+00
41 35 2.0000000000000000416333634234433702658861875534057617187500000000e-03
42 35 6.4013888888888995087889099977473961189389228820800781250000000000e-02
15 36 1.3640873015873999571367924943388061365112662315368652343750000000e-03
33 36 2.7281746031745999873929786616599812987260520458221435546875000000e-03
35 36 1.0000000000000000000000000000000000000000000000000000000000000000e+00
36 36 6.0109126984126977077949049999006092548370361328125000000000000000e+00
37 36 1.0000000000000000000000000000000000000000000000000000000000000000e+00
44 36 1.3640873015873999571367924943388061365112662315368652343750000000e-03
19 37 1.3306357414902861280303625335363904014229774475097656250000000000e-01
20 37 1.7880480638946000954137005578559183049947023391723632812500000000e-03
36 37 1.0000000000000000000000000000000000000000000000000000000000000000e+00
37 37 7.5185871445873759810751835175324231386184692382812500000000000000e+00
38 37 1.1181794919994310077981936046853661537170410156250000000000000000e+00
48 37 -8.7090481319900003593509341115463939786422997713088989257812500000e-04
50 37 9.9981324755988004726603435301512945443391799926757812500000000000e-02
51 37 -3.3223243262340000810095563821278119576163589954376220703125000000e-04
52 37 -1.6169140981677999555077285265269892988726496696472167968750000000e-03
55 37 1.2263977782404660021864373220523702912032604217529296875000000000e-01
56 37 -4.9386784174240000444555676040181424468755722045898437500000000000e-04
64 37 1.2683785446458040180317539125098846852779388427734375000000000000e-01
65 37 2.8666885964276000650641229583470703801140189170837402343750000000e-03
85 37 1.1232117198397459367775752525631105527281761169433593750000000000e-01
88 37 -1.3408174745896000480682719313563211471773684024810791015625000000e-03
22 38 1.4078484961998918856274087829660857096314430236816406250000000000e-01
26 38 1.4435834484808000421213192154823445889633148908615112304687500000e-03
37 38 1.1181794919994310077981936046853661537170410156250000000000000000e+00
38 38 8.1001695057606628580515462090261280536651611328125000000000000000e+00
39 38 1.1849279146835409726179477729601785540580749511718750000000000000e+00
46 38 -2.3950485412859998449186527125220891321077942848205566406250000000e-03
48 38 -2.4833712590539998819882949732118504471145570278167724609375000000e-04
50 38 9.0922769438724002077911734431836521252989768981933593750000000000e-02
51 38 -8.7090481319900003593509341115463939786422997713088989257812500000e-04
52 38 1.2247041085438001035284871775843384966719895601272583007812500000e-03
64 38 1.3921483132525919179656170854286756366491317749023437500000000000e-01
65 38 -1.6362632189660000596453937049545857007615268230438232421875000000e-03
67 38 1.5621367316726819662875413996516726911067962646484375000000000000e-01
68 38 1.2045479494785999493439154761631471046712249517440795898437500000e-03
70 38 1.7804994343812940993387883281684480607509613037109375000000000000e-01
71 38 1.2777181928531999421244647052731124858837574720382690429687500000e-03
22 39 1.4830316911888580255762803972174879163503646850585937500000000000e-01
26 39 7.4718543330239996485414577520600687421392649412155151367187500000e-04
38 39 1.1849279146835409726179477729601785540580749511718750000000000000e+00
39 39 8.3144086281884952427390089724212884902954101562500000000000000000e+00
40 39 1.1743014226105619179918448935495689511299133300781250000000000000e+00
43 39 -5.7364312111639998662676598328857835440430790185928344726562500000e-04
46 39 -1.3905478786519999065407482419232110260054469108581542968750000000e-03
48 39 -2.3950485412859998449186527125220891321077942848205566406250000000e-03
61 39 1.1672924571974699348153592382004717364907264709472656250000000000e-01
62 39 2.0261617201067999918806528114600951084867119789123535156250000000e-03
70 39 1.5926203404093419724318891894654370844364166259765625000000000000e-01
71 39 7.9439222717620004525496124614392101648263633251190185546875000000e-04
73 39 1.4527462406617538959174851243005832657217979431152343750000000000e-01
74 39 1.9586605839250000211937408067797150579281151294708251953125000000e-03
76 39 1.8236577878064719193673681729706004261970520019531250000000000000e-01
77 39 -1.1671604234557999245358583806364549673162400722503662109375000000e-03
31 40 1.5191055196744041033696248632622882723808288574218750000000000000e-01
32 40 1.5291457493281999501649748296472353104036301374435424804687500000e-03
39 40 1.1743014226105619179918448935495689511299133300781250000000000000e+00
40 40 8.3631544440686962360587131115607917308807373046875000000000000000e+00
41 40 1.1571395720307950938376961858011782169342041015625000000000000000e+00
42 40 1.8261305207646000899751603796516974398400634527206420898437500000e-03
43 40 -1.7202692475308000753797532667022096575237810611724853515625000000e-03
46 40 -5.7364312111639998662676598328857835440430790185928344726562500000e-04
61 40 1.3997056272977578816885113610624102875590324401855468750000000000e-01
62 40 -1.5033756083769999733340538838888278405647724866867065429687500000e-03
76 40 1.7867264559469980822470347447961103171110153198242187500000000000e-01
77 40 2.4804378925978001931007543845453255926258862018585205078125000000e-03
79 40 1.7254346787569460608402494017354911193251609802246093750000000000e-01
80 40 -1.5495663649679999374943195622478242512443102896213531494140625000e-04
82 40 1.6543886951437680732368562530609779059886932373046875000000000000e-01
83 40 -1.8834695491696000144155043187765841139480471611022949218750000000e-03
31 41 1.5488671757646541027320097327901748940348625183105468750000000000e-01
32 41 -2.0297544495715999328389056444166271830908954143524169921875000000e-03
34 41 6.6109126984127006276814597640623105689883232116699218750000000000e-02
35 41 2.0000000000000000416333634234433702658861875534057617187500000000e-03
40 41 1.1571395720307950938376961858011782169342041015625000000000000000e+00
41 41 6.9477558825518324070458220376167446374893188476562500000000000000e+00
42 41 9.9854588583356884701203171061933971941471099853515625000000000000e-01
43 41 1.8261305207646000899751603796516974398400634527206420898437500000e-03
82 41 7.3967928744564204190936607119510881602764129638671875000000000000e-02
83 41 -3.4226190476199997488743198559291158744599670171737670898437500000e-04
31 42 -2.0297544495715999328389056444166271830908954143524169921875000000e-03
32 42 1.5498256052307060604000810144498245790600776672363281250000000000e-01
35 42 6.4013888888888995087889099977473961189389228820800781250000000000e-02
40 42 1.8261305207646000899751603796516974398400634527206420898437500000e-03
41 42 9.9854588583356884701203171061933971941471099853515625000000000000e-01
42 42 6.9502018379484580279381589207332581281661987304687500000000000000e+00
43 42 1.1604884877695680334142025458277203142642974853515625000000000000e+00
82 42 1.6577380952379999583257141893000152776949107646942138671875000000e-03
83 42 7.1395430456111602657287562578858342021703720092773437500000000000e-02
31 43 1.5291457493281999501649748296472353104036301374435424804687500000e-03
32 43 1.4823159989423459470536670323781436309218406677246093750000000000e-01
39 43 -5.7364312111639998662676598328857835440430790185928344726562500000e-04
40 43 -1.7202692475308000753797532667022096575237810611724853515625000000e-03
41 43 1.8261305207646000899751603796516974398400634527206420898437500000e-03
42 43 1.1604884877695680334142025458277203142642974853515625000000000000e+00
43 43 8.3647416075688383330088981892913579940795898437500000000000000000e+00
44 43 1.0000000000000000000000000000000000000000000000000000000000000000e+00
46 43 1.7825376937180101299951218152273213490843772888183593750000000000e-01
61 43 -1.5033756083769999733340538838888278405647724866867065429687500000e-03
62 43 1.3792142878677399187026253457588609308004379272460937500000000000e-01
76 43 2.4804378925978001931007543845453255926258862018585205078125000000e-03
77 43 1.7908033998863659430611505740671418607234954833984375000000000000e-01
79 43 -1.5495663649679999374943195622478242512443102896213531494140625000e-04
80 43 1.6830028985917680484085678926930995658040046691894531250000000000e-01
82 43 -1.8834695491696000144155043187765841139480471611022949218750000000e-03
83 43 1.6690759490308260115654093169723637402057647705078125000000000000e-01
33 44 3.1137156468490001168247793827958957990631461143493652343750000000e-03
36 44 1.3640873015873999571367924943388061365112662315368652343750000000e-03
43 44 1.0000000000000000000000000000000000000000000000000000000000000000e+00
44 44 6.0185196257322379764787001477088779211044311523437500000000000000e+00
45 44 1.0032658191314720586007069869083352386951446533203125000000000000e+00
84 44 1.5161907862103998941016858026387126301415264606475830078125000000e-03
33 45 3.0800256145017998292423566653042144025675952434539794921875000000e-03
44 45 1.0032658191314720586007069869083352386951446533203125000000000000e+00
45 45 6.0464310862871544216545771632809191942214965820312500000000000000e+00
46 45 1.0000000000000000000000000000000000000000000000000000000000000000e+00
47 45 3.5509586929018000650559727660038333851844072341918945312500000000e-03
63 45 2.8316188761905998309831300474570525693707168102264404296875000000e-03
78 45 3.6729815985999999389255421533562184777110815048217773437500000000e-03
81 45 3.4605964781745999873929786616599812987260520458221435546875000000e-03
84 45 3.3535427517361999193157284793187500326894223690032958984375000000e-03
22 46 7.4718543330239996485414577520600687421392649412155151367187500000e-04
26 46 1.4436190521737199410345908745512133464217185974121093750000000000e-01
38 46 -2.3950485412859998449186527125220891321077942848205566406250000000e-03
39 46 -1.3905478786519999065407482419232110260054469108581542968750000000e-03
40 46 -5.7364312111639998662676598328857835440430790185928344726562500000e-04
43 46 1.7825376937180101299951218152273213490843772888183593750000000000e-01
45 46 1.0000000000000000000000000000000000000000000000000000000000000000e+00
46 46 8.3154761088552682224417367251589894294738769531250000000000000000e+00
47 46 1.0000000000000000000000000000000000000000000000000000000000000000e+00
48 46 1.8497349434488338792981210190191632136702537536621093750000000000e-01
61 46 2.0261617201067999918806528114600951084867119789123535156250000000e-03
62 46 1.1875488265453419678419066940477932803332805633544921875000000000e-01
70 46 7.9439222717620004525496124614392101648263633251190185546875000000e-04
71 46 1.6307511673137939367528304046572884544730186462402343750000000000e-01
73 46 1.9586605839250000211937408067797150579281151294708251953125000000e-03
74 46 1.4245107621629821137432259092747699469327926635742187500000000000e-01
76 46 -1.1671604234557999245358583806364549673162400722503662109375000000e-03
77 46 1.7876020415083901382580222616525134071707725524902343750000000000e-01
27 47 2.9350984968606001063173849274789972696453332901000976562500000000e-03
45 47 3.5509586929018000650559727660038333851844072341918945312500000000e-03
46 47 1.0000000000000000000000000000000000000000000000000000000000000000e+00
47 47 6.0453673700622960751616119523532688617706298828125000000000000000e+00
48 47 1.0000000000000000000000000000000000000000000000000000000000000000e+00
