%%MatrixMarket matrix coordinate real general
256 256 3976
1 1 0.8509047619047702
1 2 -0.0873690476190482
1 3 -0.0873690476190494
1 4 -0.0746785714285788
1 5 -0.0746785714285765
1 6 -0.6372857142857227
1 7 0.3750000000000081
1 8 0.3750000000000084
1 9 -0.6372857142857253
1 10 0.0004285714285714
2 1 -0.0873690476190482
2 2 1.7027142857143023
2 3 0.0002619047619048
2 4 0.0754285714285645
2 5 0.0750000000000030
2 6 -0.0371785714285755
2 7 -0.0371785714285738
2 8 -0.6747857142857195
2 9 0.3375000000000054
2 10 0.0004285714285714
2 11 -0.0873690476190481
2 12 -0.1747380952380977
2 13 -0.0746785714285788
2 14 -0.0746785714285765
2 15 -1.3120714285714423
2 16 0.7125000000000136
2 17 0.3750000000000082
2 18 -0.6372857142857247
2 19 0.0004285714285714
2 20 -0.0371785714285754
2 21 -0.0371785714285738
2 22 0.0004285714285714
3 1 -0.0873690476190494
3 2 0.0002619047619048
3 3 1.7027142857142983
3 4 0.0750000000000048
3 5 0.0754285714285727
3 6 0.3375000000000014
3 7 -0.6747857142857182
3 8 -0.0371785714285774
3 9 -0.0371785714285742
3 10 0.0004285714285714
3 12 -0.1747380952380977
3 15 -0.0371785714285774
3 16 -0.0371785714285742
3 20 0.7125000000000100
3 21 -1.3120714285714437
3 22 0.0004285714285714
3 23 -0.0873690476190494
3 24 -0.0746785714285788
3 25 -0.0746785714285765
3 26 -0.6372857142857227
3 27 0.3750000000000081
3 28 0.0004285714285714
4 1 -0.0746785714285788
4 2 0.0754285714285645
4 3 0.0750000000000048
4 4 6.7628571428572215
4 5 -1.3545000000000162
4 6 0.3368571428571574
4 7 0.3358928571428483
4 8 -1.6842857142857222
4 9 0.3358928571428589
4 10 -2.0230714285714599
4 12 -0.0746785714285788
4 15 -1.6842857142857230
4 16 0.3358928571428590
4 20 0.3368571428571574
4 21 0.3358928571428482
4 22 -2.0230714285714586
5 1 -0.0746785714285765
5 2 0.0750000000000030
5 3 0.0754285714285727
5 4 -1.3545000000000162
5 5 6.7628571428572268
5 6 0.3358928571428665
5 7 -1.6842857142857328
5 8 0.3358928571428539
5 9 0.3368571428571544
5 10 -2.0230714285714582
5 12 -0.0746785714285765
5 15 0.3358928571428540
5 16 0.3368571428571545
5 20 0.3358928571428663
5 21 -1.6842857142857321
5 22 -2.0230714285714591
6 1 -0.6372857142857227
6 2 -0.0371785714285755
6 3 0.3375000000000014
6 4 0.3368571428571574
6 5 0.3358928571428665
6 6 3.3814285714286081
6 7 -1.6897500000000161
6 8 -0.0016071428571619
6 9 0.0032142857142861
6 10 -2.0230714285714670
7 1 0.3750000000000081
7 2 -0.0371785714285738
7 3 -0.6747857142857182
7 4 0.3358928571428483
7 5 -1.6842857142857328
7 6 -1.6897500000000161
7 7 3.3814285714285961
7 8 -0.0006428571428497
7 9 -0.0016071428571259
7 10 0.0019285714285604
8 1 0.3750000000000084
8 2 -0.6747857142857197
8 3 -0.0371785714285774
8 4 -1.6842857142857222
8 5 0.3358928571428539
8 6 -0.0016071428571619
8 7 -0.0006428571428497
8 8 3.3814285714286059
8 9 -1.6897500000000139
8 10 0.0019285714285728
9 1 -0.6372857142857253
9 2 0.3375000000000054
9 3 -0.0371785714285742
9 4 0.3358928571428589
9 5 0.3368571428571544
9 6 0.0032142857142861
9 7 -0.0016071428571259
9 8 -1.6897500000000139
9 9 3.3814285714285903
9 10 -2.0230714285714462
10 1 0.0004285714285714
10 2 0.0004285714285714
10 3 0.0004285714285714
10 4 -2.0230714285714599
10 5 -2.0230714285714582
10 6 -2.0230714285714666
10 7 0.0019285714285604
10 8 0.0019285714285728
10 9 -2.0230714285714462
10 10 8.1231428571429927
11 2 -0.0873690476190481
11 11 1.7027142857143023
11 12 0.0002619047619048
11 13 0.0754285714285645
11 14 0.0750000000000030
11 15 -0.0371785714285754
11 16 -0.0371785714285738
11 17 -0.6747857142857189
11 18 0.3375000000000051
11 19 0.0004285714285714
11 29 -0.0873690476190482
11 30 -0.1747380952380976
11 31 -0.0746785714285788
11 32 -0.0746785714285765
11 33 -1.3120714285714421
11 34 0.7125000000000135
11 35 0.3750000000000084
11 36 -0.6372857142857253
11 37 0.0004285714285714
11 38 -0.0371785714285754
11 39 -0.0371785714285738
11 40 0.0004285714285714
12 2 -0.1747380952380977
12 3 -0.1747380952380977
12 4 -0.0746785714285788
12 5 -0.0746785714285765
12 11 0.0002619047619048
12 12 3.4054285714286010
12 13 0.0750000000000049
12 14 0.0754285714285727
12 15 0.7125000000000099
12 16 -1.3120714285714437
12 17 -0.0371785714285774
12 18 -0.0371785714285742
12 19 0.0004285714285714
12 20 -1.3120714285714423
12 21 0.7125000000000137
12 22 0.0004285714285714
12 23 0.0002619047619048
12 24 0.0754285714285645
12 25 0.0750000000000030
12 26 -0.0371785714285755
12 27 -0.0371785714285738
12 28 0.0004285714285714
12 30 -0.1747380952380976
12 33 -0.0371785714285773
12 34 -0.0371785714285742
12 38 0.7125000000000095
12 39 -1.3120714285714428
12 40 0.0004285714285714
12 41 -0.1747380952380977
12 42 -0.0746785714285788
12 43 -0.0746785714285765
12 44 -1.3120714285714423
12 45 0.7125000000000136
12 46 0.0004285714285714
12 47 -0.0371785714285754
12 48 -0.0371785714285738
12 49 0.0004285714285714
13 2 -0.0746785714285788
13 11 0.0754285714285645
13 12 0.0750000000000049
13 13 6.7628571428572197
13 14 -1.3545000000000162
13 15 0.3368571428571571
13 16 0.3358928571428480
13 17 -1.6842857142857230
13 18 0.3358928571428591
13 19 -2.0230714285714573
13 30 -0.0746785714285788
13 33 -1.6842857142857217
13 34 0.3358928571428588
13 38 0.3368571428571575
13 39 0.3358928571428483
13 40 -2.0230714285714591
14 2 -0.0746785714285765
14 11 0.0750000000000030
14 12 0.0754285714285727
14 13 -1.3545000000000162
14 14 6.7628571428572242
14 15 0.3358928571428662
14 16 -1.6842857142857310
14 17 0.3358928571428541
14 18 0.3368571428571546
14 19 -2.0230714285714595
14 30 -0.0746785714285765
14 33 0.3358928571428538
14 34 0.3368571428571543
14 38 0.3358928571428664
14 39 -1.6842857142857328
14 40 -2.0230714285714577
15 2 -1.3120714285714425
15 3 -0.0371785714285774
15 4 -1.6842857142857230
15 5 0.3358928571428540
15 11 -0.0371785714285754
15 12 0.7125000000000099
15 13 0.3368571428571571
15 14 0.3358928571428662
15 15 6.7628571428572126
15 16 -3.3795000000000299
15 17 -0.0016071428571619
15 18 0.0032142857142861
15 19 -2.0230714285714648
15 20 -0.0016071428571619
15 21 -0.0006428571428497
15 22 0.0019285714285728
16 2 0.7125000000000135
16 3 -0.0371785714285742
16 4 0.3358928571428590
16 5 0.3368571428571545
16 11 -0.0371785714285738
16 12 -1.3120714285714437
16 13 0.3358928571428480
16 14 -1.6842857142857310
16 15 -3.3795000000000299
16 16 6.7628571428571860
16 17 -0.0006428571428497
16 18 -0.0016071428571259
16 19 0.0019285714285604
16 20 0.0032142857142861
16 21 -0.0016071428571259
16 22 -2.0230714285714471
17 2 0.3750000000000082
17 11 -0.6747857142857190
17 12 -0.0371785714285774
17 13 -1.6842857142857230
17 14 0.3358928571428541
17 15 -0.0016071428571619
17 16 -0.0006428571428497
17 17 3.3814285714286050
17 18 -1.6897500000000130
17 19 0.0019285714285724
18 2 -0.6372857142857247
18 11 0.3375000000000051
18 12 -0.0371785714285742
18 13 0.3358928571428591
18 14 0.3368571428571546
18 15 0.0032142857142861
18 16 -0.0016071428571259
18 17 -1.6897500000000130
18 18 3.3814285714285894
18 19 -2.0230714285714475
19 2 0.0004285714285714
19 11 0.0004285714285714
19 12 0.0004285714285714
19 13 -2.0230714285714573
19 14 -2.0230714285714595
19 15 -2.0230714285714644
19 16 0.0019285714285604
19 17 0.0019285714285724
19 18 -2.0230714285714475
19 19 8.1231428571429909
20 2 -0.0371785714285754
20 3 0.7125000000000100
20 4 0.3368571428571574
20 5 0.3358928571428664
20 12 -1.3120714285714425
20 15 -0.0016071428571619
20 16 0.0032142857142861
20 20 6.7628571428572135
20 21 -3.3795000000000304
20 22 -2.0230714285714662
20 23 -0.0371785714285774
20 24 -1.6842857142857222
20 25 0.3358928571428539
20 26 -0.0016071428571619
20 27 -0.0006428571428497
20 28 0.0019285714285728
21 2 -0.0371785714285738
21 3 -1.3120714285714437
21 4 0.3358928571428482
21 5 -1.6842857142857321
21 12 0.7125000000000137
21 15 -0.0006428571428497
21 16 -0.0016071428571259
21 20 -3.3795000000000304
21 21 6.7628571428571860
21 22 0.0019285714285604
21 23 -0.0371785714285742
21 24 0.3358928571428589
21 25 0.3368571428571544
21 26 0.0032142857142861
21 27 -0.0016071428571259
21 28 -2.0230714285714462
22 2 0.0004285714285714
22 3 0.0004285714285714
22 4 -2.0230714285714591
22 5 -2.0230714285714591
22 12 0.0004285714285714
22 15 0.0019285714285728
22 16 -2.0230714285714471
22 20 -2.0230714285714662
22 21 0.0019285714285604
22 22 8.1231428571429944
23 3 -0.0873690476190494
23 12 0.0002619047619048
23 20 -0.0371785714285774
23 21 -0.0371785714285742
23 23 1.7027142857142983
23 24 0.0750000000000048
23 25 0.0754285714285727
23 26 0.3375000000000014
23 27 -0.6747857142857182
23 28 0.0004285714285714
23 41 -0.1747380952380976
23 44 -0.0371785714285774
23 45 -0.0371785714285742
23 47 0.7125000000000099
23 48 -1.3120714285714437
23 49 0.0004285714285714
23 50 -0.0873690476190495
23 51 -0.0746785714285788
23 52 -0.0746785714285765
23 53 -0.6372857142857229
23 54 0.3750000000000082
23 55 0.0004285714285714
24 3 -0.0746785714285788
24 12 0.0754285714285645
24 20 -1.6842857142857222
24 21 0.3358928571428589
24 23 0.0750000000000048
24 24 6.7628571428572215
24 25 -1.3545000000000162
24 26 0.3368571428571574
24 27 0.3358928571428483
24 28 -2.0230714285714599
24 41 -0.0746785714285788
24 44 -1.6842857142857230
24 45 0.3358928571428590
24 47 0.3368571428571574
24 48 0.3358928571428482
24 49 -2.0230714285714586
25 3 -0.0746785714285765
25 12 0.0750000000000030
25 20 0.3358928571428539
25 21 0.3368571428571544
25 23 0.0754285714285727
25 24 -1.3545000000000162
25 25 6.7628571428572268
25 26 0.3358928571428665
25 27 -1.6842857142857328
25 28 -2.0230714285714582
25 41 -0.0746785714285765
25 44 0.3358928571428540
25 45 0.3368571428571545
25 47 0.3358928571428663
25 48 -1.6842857142857321
25 49 -2.0230714285714591
26 3 -0.6372857142857227
26 12 -0.0371785714285755
26 20 -0.0016071428571619
26 21 0.0032142857142861
26 23 0.3375000000000014
26 24 0.3368571428571574
26 25 0.3358928571428665
26 26 3.3814285714286081
26 27 -1.6897500000000161
26 28 -2.0230714285714670
27 3 0.3750000000000081
27 12 -0.0371785714285738
27 20 -0.0006428571428497
27 21 -0.0016071428571259
27 23 -0.6747857142857182
27 24 0.3358928571428483
27 25 -1.6842857142857328
27 26 -1.6897500000000161
27 27 3.3814285714285961
27 28 0.0019285714285604
28 3 0.0004285714285714
28 12 0.0004285714285714
28 20 0.0019285714285728
28 21 -2.0230714285714462
28 23 0.0004285714285714
28 24 -2.0230714285714599
28 25 -2.0230714285714582
28 26 -2.0230714285714666
28 27 0.0019285714285604
28 28 8.1231428571429927
29 11 -0.0873690476190482
29 29 1.7027142857143023
29 30 0.0002619047619048
29 31 0.0754285714285645
29 32 0.0750000000000030
29 33 -0.0371785714285755
29 34 -0.0371785714285738
29 35 -0.6747857142857195
29 36 0.3375000000000054
29 37 0.0004285714285714
29 56 -0.0873690476190482
29 57 -0.1747380952380976
29 58 -0.0746785714285788
29 59 -0.0746785714285764
29 60 -1.3120714285714419
29 61 0.7125000000000135
29 62 0.3750000000000082
29 63 -0.6372857142857249
29 64 0.0004285714285714
29 65 -0.0371785714285754
29 66 -0.0371785714285738
29 67 0.0004285714285714
30 11 -0.1747380952380976
30 12 -0.1747380952380976
30 13 -0.0746785714285788
30 14 -0.0746785714285765
30 29 0.0002619047619048
30 30 3.4054285714286001
30 31 0.0750000000000048
30 32 0.0754285714285727
30 33 0.7125000000000098
30 34 -1.3120714285714434
30 35 -0.0371785714285774
30 36 -0.0371785714285742
30 37 0.0004285714285714
30 38 -1.3120714285714414
30 39 0.7125000000000131
30 40 0.0004285714285714
30 41 0.0002619047619048
30 42 0.0754285714285645
30 43 0.0750000000000030
30 44 -0.0371785714285754
30 45 -0.0371785714285738
30 46 0.0004285714285714
30 57 -0.1747380952380977
30 60 -0.0371785714285774
30 61 -0.0371785714285742
30 65 0.7125000000000100
30 66 -1.3120714285714437
30 67 0.0004285714285714
30 68 -0.1747380952380976
30 69 -0.0746785714285788
30 70 -0.0746785714285765
30 71 -1.3120714285714421
30 72 0.7125000000000135
30 73 0.0004285714285714
30 74 -0.0371785714285754
30 75 -0.0371785714285738
30 76 0.0004285714285714
31 11 -0.0746785714285788
31 29 0.0754285714285645
31 30 0.0750000000000048
31 31 6.7628571428572215
31 32 -1.3545000000000162
31 33 0.3368571428571574
31 34 0.3358928571428483
31 35 -1.6842857142857222
31 36 0.3358928571428589
31 37 -2.0230714285714599
31 57 -0.0746785714285788
31 60 -1.6842857142857230
31 61 0.3358928571428590
31 65 0.3368571428571574
31 66 0.3358928571428482
31 67 -2.0230714285714586
32 11 -0.0746785714285765
32 29 0.0750000000000030
32 30 0.0754285714285727
32 31 -1.3545000000000162
32 32 6.7628571428572268
32 33 0.3358928571428665
32 34 -1.6842857142857328
32 35 0.3358928571428539
32 36 0.3368571428571544
32 37 -2.0230714285714582
32 57 -0.0746785714285765
32 60 0.3358928571428540
32 61 0.3368571428571545
32 65 0.3358928571428663
32 66 -1.6842857142857321
32 67 -2.0230714285714591
33 11 -1.3120714285714423
33 12 -0.0371785714285773
33 13 -1.6842857142857217
33 14 0.3358928571428538
33 29 -0.0371785714285755
33 30 0.7125000000000098
33 31 0.3368571428571574
33 32 0.3358928571428665
33 33 6.7628571428572135
33 34 -3.3795000000000295
33 35 -0.0016071428571619
33 36 0.0032142857142861
33 37 -2.0230714285714670
33 38 -0.0016071428571618
33 39 -0.0006428571428497
33 40 0.0019285714285724
34 11 0.7125000000000135
34 12 -0.0371785714285742
34 13 0.3358928571428588
34 14 0.3368571428571543
34 29 -0.0371785714285738
34 30 -1.3120714285714434
34 31 0.3358928571428483
34 32 -1.6842857142857328
34 33 -3.3795000000000295
34 34 6.7628571428571860
34 35 -0.0006428571428497
34 36 -0.0016071428571259
34 37 0.0019285714285604
34 38 0.0032142857142861
34 39 -0.0016071428571259
34 40 -2.0230714285714457
35 11 0.3750000000000084
35 29 -0.6747857142857197
35 30 -0.0371785714285774
35 31 -1.6842857142857222
35 32 0.3358928571428539
35 33 -0.0016071428571619
35 34 -0.0006428571428497
35 35 3.3814285714286059
35 36 -1.6897500000000139
35 37 0.0019285714285728
36 11 -0.6372857142857253
36 29 0.3375000000000054
36 30 -0.0371785714285742
36 31 0.3358928571428589
36 32 0.3368571428571544
36 33 0.0032142857142861
36 34 -0.0016071428571259
36 35 -1.6897500000000139
36 36 3.3814285714285903
36 37 -2.0230714285714462
37 11 0.0004285714285714
37 29 0.0004285714285714
37 30 0.0004285714285714
37 31 -2.0230714285714599
37 32 -2.0230714285714582
37 33 -2.0230714285714666
37 34 0.0019285714285604
37 35 0.0019285714285728
37 36 -2.0230714285714462
37 37 8.1231428571429927
38 11 -0.0371785714285754
38 12 0.7125000000000095
38 13 0.3368571428571575
38 14 0.3358928571428664
38 30 -1.3120714285714414
38 33 -0.0016071428571618
38 34 0.0032142857142861
38 38 6.7628571428572108
38 39 -3.3795000000000286
38 40 -2.0230714285714666
38 41 -0.0371785714285774
38 42 -1.6842857142857230
38 43 0.3358928571428541
38 44 -0.0016071428571619
38 45 -0.0006428571428497
38 46 0.0019285714285724
39 11 -0.0371785714285738
39 12 -1.3120714285714428
39 13 0.3358928571428483
39 14 -1.6842857142857328
39 30 0.7125000000000130
39 33 -0.0006428571428497
39 34 -0.0016071428571259
39 38 -3.3795000000000286
39 39 6.7628571428571842
39 40 0.0019285714285604
39 41 -0.0371785714285742
39 42 0.3358928571428591
39 43 0.3368571428571546
39 44 0.0032142857142861
39 45 -0.0016071428571259
39 46 -2.0230714285714475
40 11 0.0004285714285714
40 12 0.0004285714285714
40 13 -2.0230714285714591
40 14 -2.0230714285714577
40 30 0.0004285714285714
40 33 0.0019285714285724
40 34 -2.0230714285714457
40 38 -2.0230714285714662
40 39 0.0019285714285604
40 40 8.1231428571429909
41 12 -0.1747380952380977
41 23 -0.1747380952380976
41 24 -0.0746785714285788
41 25 -0.0746785714285765
41 30 0.0002619047619048
41 38 -0.0371785714285774
41 39 -0.0371785714285742
41 41 3.4054285714286006
41 42 0.0750000000000049
41 43 0.0754285714285727
41 44 0.7125000000000099
41 45 -1.3120714285714437
41 46 0.0004285714285714
41 47 -1.3120714285714423
41 48 0.7125000000000136
41 49 0.0004285714285714
41 50 0.0002619047619048
41 51 0.0754285714285645
41 52 0.0750000000000030
41 53 -0.0371785714285754
41 54 -0.0371785714285738
41 55 0.0004285714285714
41 68 -0.1747380952380975
41 71 -0.0371785714285773
41 72 -0.0371785714285742
41 74 0.7125000000000095
41 75 -1.3120714285714428
41 76 0.0004285714285714
41 77 -0.1747380952380977
41 78 -0.0746785714285788
41 79 -0.0746785714285765
41 80 -1.3120714285714425
41 81 0.7125000000000137
41 82 0.0004285714285714
41 83 -0.0371785714285754
41 84 -0.0371785714285738
41 85 0.0004285714285714
42 12 -0.0746785714285788
42 30 0.0754285714285645
42 38 -1.6842857142857230
42 39 0.3358928571428591
42 41 0.0750000000000049
42 42 6.7628571428572197
42 43 -1.3545000000000162
42 44 0.3368571428571571
42 45 0.3358928571428480
42 46 -2.0230714285714573
42 68 -0.0746785714285788
42 71 -1.6842857142857217
42 72 0.3358928571428588
42 74 0.3368571428571575
42 75 0.3358928571428483
42 76 -2.0230714285714591
43 12 -0.0746785714285765
43 30 0.0750000000000030
43 38 0.3358928571428541
43 39 0.3368571428571546
43 41 0.0754285714285727
43 42 -1.3545000000000162
43 43 6.7628571428572242
43 44 0.3358928571428662
43 45 -1.6842857142857310
43 46 -2.0230714285714595
43 68 -0.0746785714285765
43 71 0.3358928571428538
43 72 0.3368571428571543
43 74 0.3358928571428664
43 75 -1.6842857142857328
43 76 -2.0230714285714577
44 12 -1.3120714285714425
44 23 -0.0371785714285774
44 24 -1.6842857142857230
44 25 0.3358928571428540
44 30 -0.0371785714285754
44 38 -0.0016071428571619
44 39 0.0032142857142861
44 41 0.7125000000000099
44 42 0.3368571428571571
44 43 0.3358928571428662
44 44 6.7628571428572126
44 45 -3.3795000000000299
44 46 -2.0230714285714648
44 47 -0.0016071428571619
44 48 -0.0006428571428497
44 49 0.0019285714285728
45 12 0.7125000000000135
45 23 -0.0371785714285742
45 24 0.3358928571428590
45 25 0.3368571428571545
45 30 -0.0371785714285738
45 38 -0.0006428571428497
45 39 -0.0016071428571259
45 41 -1.3120714285714437
45 42 0.3358928571428480
45 43 -1.6842857142857310
45 44 -3.3795000000000299
45 45 6.7628571428571860
45 46 0.0019285714285604
45 47 0.0032142857142861
45 48 -0.0016071428571259
45 49 -2.0230714285714471
46 12 0.0004285714285714
46 30 0.0004285714285714
46 38 0.0019285714285724
46 39 -2.0230714285714475
46 41 0.0004285714285714
46 42 -2.0230714285714573
46 43 -2.0230714285714595
46 44 -2.0230714285714644
46 45 0.0019285714285604
46 46 8.1231428571429909
47 12 -0.0371785714285754
47 23 0.7125000000000099
47 24 0.3368571428571574
47 25 0.3358928571428664
47 41 -1.3120714285714423
47 44 -0.0016071428571619
47 45 0.0032142857142861
47 47 6.7628571428572126
47 48 -3.3795000000000299
47 49 -2.0230714285714662
47 50 -0.0371785714285774
47 51 -1.6842857142857230
47 52 0.3358928571428540
47 53 -0.0016071428571619
47 54 -0.0006428571428497
47 55 0.0019285714285728
48 12 -0.0371785714285738
48 23 -1.3120714285714437
48 24 0.3358928571428482
48 25 -1.6842857142857321
48 41 0.7125000000000135
48 44 -0.0006428571428497
48 45 -0.0016071428571259
48 47 -3.3795000000000299
48 48 6.7628571428571860
48 49 0.0019285714285604
48 50 -0.0371785714285742
48 51 0.3358928571428590
48 52 0.3368571428571545
48 53 0.0032142857142861
48 54 -0.0016071428571259
48 55 -2.0230714285714471
49 12 0.0004285714285714
49 23 0.0004285714285714
49 24 -2.0230714285714591
49 25 -2.0230714285714591
49 41 0.0004285714285714
49 44 0.0019285714285728
49 45 -2.0230714285714471
49 47 -2.0230714285714662
49 48 0.0019285714285604
49 49 8.1231428571429944
50 23 -0.0873690476190495
50 41 0.0002619047619048
50 47 -0.0371785714285774
50 48 -0.0371785714285742
50 50 1.7027142857142983
50 51 0.0750000000000048
50 52 0.0754285714285727
50 53 0.3375000000000016
50 54 -0.6747857142857184
50 55 0.0004285714285714
50 77 -0.1747380952380977
50 80 -0.0371785714285774
50 81 -0.0371785714285742
50 83 0.7125000000000100
50 84 -1.3120714285714439
50 85 0.0004285714285714
50 86 -0.0873690476190494
50 87 -0.0746785714285788
50 88 -0.0746785714285765
50 89 -0.6372857142857223
50 90 0.3750000000000080
50 91 0.0004285714285714
51 23 -0.0746785714285788
51 41 0.0754285714285645
51 47 -1.6842857142857230
51 48 0.3358928571428590
51 50 0.0750000000000048
51 51 6.7628571428572215
51 52 -1.3545000000000160
51 53 0.3368571428571574
51 54 0.3358928571428482
51 55 -2.0230714285714586
51 77 -0.0746785714285788
51 80 -1.6842857142857230
51 81 0.3358928571428590
51 83 0.3368571428571574
51 84 0.3358928571428482
51 85 -2.0230714285714586
52 23 -0.0746785714285765
52 41 0.0750000000000030
52 47 0.3358928571428540
52 48 0.3368571428571545
52 50 0.0754285714285727
52 51 -1.3545000000000160
52 52 6.7628571428572259
52 53 0.3358928571428663
52 54 -1.6842857142857321
52 55 -2.0230714285714591
52 77 -0.0746785714285765
52 80 0.3358928571428540
52 81 0.3368571428571545
52 83 0.3358928571428663
52 84 -1.6842857142857321
52 85 -2.0230714285714591
53 23 -0.6372857142857229
53 41 -0.0371785714285754
53 47 -0.0016071428571618
53 48 0.0032142857142861
53 50 0.3375000000000016
53 51 0.3368571428571574
53 52 0.3358928571428664
53 53 3.3814285714286076
53 54 -1.6897500000000165
53 55 -2.0230714285714662
54 23 0.3750000000000082
54 41 -0.0371785714285738
54 47 -0.0006428571428497
54 48 -0.0016071428571259
54 50 -0.6747857142857184
54 51 0.3358928571428482
54 52 -1.6842857142857321
54 53 -1.6897500000000165
54 54 3.3814285714285957
54 55 0.0019285714285604
55 23 0.0004285714285714
55 41 0.0004285714285714
55 47 0.0019285714285728
55 48 -2.0230714285714471
55 50 0.0004285714285714
55 51 -2.0230714285714591
55 52 -2.0230714285714591
55 53 -2.0230714285714662
55 54 0.0019285714285604
55 55 8.1231428571429944
56 29 -0.0873690476190482
56 56 1.7027142857143018
56 57 0.0002619047619048
56 58 0.0754285714285645
56 59 0.0750000000000030
56 60 -0.0371785714285754
56 61 -0.0371785714285738
56 62 -0.6747857142857191
56 63 0.3375000000000052
56 64 0.0004285714285714
56 92 -0.0873690476190482
56 93 -0.1747380952380976
56 94 -0.0746785714285788
56 95 -0.0746785714285764
56 96 -1.3120714285714419
56 97 0.7125000000000132
56 98 0.3750000000000082
56 99 -0.6372857142857249
56 100 0.0004285714285714
56 101 -0.0371785714285754
56 102 -0.0371785714285738
56 103 0.0004285714285714
57 29 -0.1747380952380976
57 30 -0.1747380952380977
57 31 -0.0746785714285788
57 32 -0.0746785714285765
57 56 0.0002619047619048
57 57 3.4054285714286006
57 58 0.0750000000000048
57 59 0.0754285714285727
57 60 0.7125000000000097
57 61 -1.3120714285714432
57 62 -0.0371785714285774
57 63 -0.0371785714285742
57 64 0.0004285714285714
57 65 -1.3120714285714423
57 66 0.7125000000000137
57 67 0.0004285714285714
57 68 0.0002619047619048
57 69 0.0754285714285645
57 70 0.0750000000000030
57 71 -0.0371785714285755
57 72 -0.0371785714285738
57 73 0.0004285714285714
57 93 -0.1747380952380976
57 96 -0.0371785714285774
57 97 -0.0371785714285742
57 101 0.7125000000000097
57 102 -1.3120714285714432
57 103 0.0004285714285714
57 104 -0.1747380952380976
57 105 -0.0746785714285788
57 106 -0.0746785714285764
57 107 -1.3120714285714419
57 108 0.7125000000000135
57 109 0.0004285714285714
57 110 -0.0371785714285754
57 111 -0.0371785714285738
57 112 0.0004285714285714
58 29 -0.0746785714285788
58 56 0.0754285714285645
58 57 0.0750000000000048
58 58 6.7628571428572197
58 59 -1.3545000000000158
58 60 0.3368571428571572
58 61 0.3358928571428481
58 62 -1.6842857142857222
58 63 0.3358928571428589
58 64 -2.0230714285714582
58 93 -0.0746785714285788
58 96 -1.6842857142857222
58 97 0.3358928571428589
58 101 0.3368571428571572
58 102 0.3358928571428481
58 103 -2.0230714285714582
59 29 -0.0746785714285764
59 56 0.0750000000000030
59 57 0.0754285714285727
59 58 -1.3545000000000158
59 59 6.7628571428572233
59 60 0.3358928571428663
59 61 -1.6842857142857315
59 62 0.3358928571428539
59 63 0.3368571428571544
59 64 -2.0230714285714582
59 93 -0.0746785714285764
59 96 0.3358928571428539
59 97 0.3368571428571544
59 101 0.3358928571428663
59 102 -1.6842857142857315
59 103 -2.0230714285714582
60 29 -1.3120714285714421
60 30 -0.0371785714285774
60 31 -1.6842857142857230
60 32 0.3358928571428540
60 56 -0.0371785714285754
60 57 0.7125000000000097
60 58 0.3368571428571572
60 59 0.3358928571428663
60 60 6.7628571428572117
60 61 -3.3795000000000290
60 62 -0.0016071428571619
60 63 0.0032142857142861
60 64 -2.0230714285714653
60 65 -0.0016071428571619
60 66 -0.0006428571428497
60 67 0.0019285714285728
61 29 0.7125000000000133
61 30 -0.0371785714285742
61 31 0.3358928571428590
61 32 0.3368571428571545
61 56 -0.0371785714285738
61 57 -1.3120714285714432
61 58 0.3358928571428481
61 59 -1.6842857142857315
61 60 -3.3795000000000295
61 61 6.7628571428571851
61 62 -0.0006428571428497
61 63 -0.0016071428571259
61 64 0.0019285714285604
61 65 0.0032142857142861
61 66 -0.0016071428571259
61 67 -2.0230714285714471
62 29 0.3750000000000082
62 56 -0.6747857142857192
62 57 -0.0371785714285774
62 58 -1.6842857142857222
62 59 0.3358928571428539
62 60 -0.0016071428571619
62 61 -0.0006428571428497
62 62 3.3814285714286045
62 63 -1.6897500000000130
62 64 0.0019285714285728
63 29 -0.6372857142857249
63 56 0.3375000000000052
63 57 -0.0371785714285742
63 58 0.3358928571428589
63 59 0.3368571428571544
63 60 0.0032142857142861
63 61 -0.0016071428571259
63 62 -1.6897500000000130
63 63 3.3814285714285885
63 64 -2.0230714285714462
64 29 0.0004285714285714
64 56 0.0004285714285714
64 57 0.0004285714285714
64 58 -2.0230714285714582
64 59 -2.0230714285714582
64 60 -2.0230714285714648
64 61 0.0019285714285604
64 62 0.0019285714285728
64 63 -2.0230714285714462
64 64 8.1231428571429891
65 29 -0.0371785714285754
65 30 0.7125000000000100
65 31 0.3368571428571574
65 32 0.3358928571428664
65 57 -1.3120714285714425
65 60 -0.0016071428571619
65 61 0.0032142857142861
65 65 6.7628571428572135
65 66 -3.3795000000000304
65 67 -2.0230714285714662
65 68 -0.0371785714285774
65 69 -1.6842857142857222
65 70 0.3358928571428539
65 71 -0.0016071428571619
65 72 -0.0006428571428497
65 73 0.0019285714285728
66 29 -0.0371785714285738
66 30 -1.3120714285714437
66 31 0.3358928571428482
66 32 -1.6842857142857321
66 57 0.7125000000000137
66 60 -0.0006428571428497
66 61 -0.0016071428571259
66 65 -3.3795000000000304
66 66 6.7628571428571860
66 67 0.0019285714285604
66 68 -0.0371785714285742
66 69 0.3358928571428589
66 70 0.3368571428571544
66 71 0.0032142857142861
66 72 -0.0016071428571259
66 73 -2.0230714285714462
67 29 0.0004285714285714
67 30 0.0004285714285714
67 31 -2.0230714285714591
67 32 -2.0230714285714591
67 57 0.0004285714285714
67 60 0.0019285714285728
67 61 -2.0230714285714471
67 65 -2.0230714285714662
67 66 0.0019285714285604
67 67 8.1231428571429944
68 30 -0.1747380952380976
68 41 -0.1747380952380975
68 42 -0.0746785714285788
68 43 -0.0746785714285765
68 57 0.0002619047619048
68 65 -0.0371785714285774
68 66 -0.0371785714285742
68 68 3.4054285714286001
68 69 0.0750000000000048
68 70 0.0754285714285727
68 71 0.7125000000000098
68 72 -1.3120714285714434
68 73 0.0004285714285714
68 74 -1.3120714285714414
68 75 0.7125000000000130
68 76 0.0004285714285714
68 77 0.0002619047619048
68 78 0.0754285714285645
68 79 0.0750000000000030
68 80 -0.0371785714285754
68 81 -0.0371785714285738
68 82 0.0004285714285714
68 104 -0.1747380952380976
68 107 -0.0371785714285774
68 108 -0.0371785714285742
68 110 0.7125000000000099
68 111 -1.3120714285714437
68 112 0.0004285714285714
68 113 -0.1747380952380977
68 114 -0.0746785714285788
68 115 -0.0746785714285765
68 116 -1.3120714285714423
68 117 0.7125000000000137
68 118 0.0004285714285714
68 119 -0.0371785714285755
68 120 -0.0371785714285738
68 121 0.0004285714285714
69 30 -0.0746785714285788
69 57 0.0754285714285645
69 65 -1.6842857142857222
69 66 0.3358928571428589
69 68 0.0750000000000048
69 69 6.7628571428572215
69 70 -1.3545000000000162
69 71 0.3368571428571574
69 72 0.3358928571428483
69 73 -2.0230714285714599
69 104 -0.0746785714285788
69 107 -1.6842857142857230
69 108 0.3358928571428590
69 110 0.3368571428571574
69 111 0.3358928571428482
69 112 -2.0230714285714586
70 30 -0.0746785714285765
70 57 0.0750000000000030
70 65 0.3358928571428539
70 66 0.3368571428571544
70 68 0.0754285714285727
70 69 -1.3545000000000162
70 70 6.7628571428572268
70 71 0.3358928571428665
70 72 -1.6842857142857328
70 73 -2.0230714285714582
70 104 -0.0746785714285765
70 107 0.3358928571428540
70 108 0.3368571428571545
70 110 0.3358928571428663
70 111 -1.6842857142857321
70 112 -2.0230714285714591
71 30 -1.3120714285714423
71 41 -0.0371785714285773
71 42 -1.6842857142857217
71 43 0.3358928571428538
71 57 -0.0371785714285755
71 65 -0.0016071428571619
71 66 0.0032142857142861
71 68 0.7125000000000098
71 69 0.3368571428571574
71 70 0.3358928571428665
71 71 6.7628571428572135
71 72 -3.3795000000000295
71 73 -2.0230714285714670
71 74 -0.0016071428571618
71 75 -0.0006428571428497
71 76 0.0019285714285724
72 30 0.7125000000000135
72 41 -0.0371785714285742
72 42 0.3358928571428588
72 43 0.3368571428571543
72 57 -0.0371785714285738
72 65 -0.0006428571428497
72 66 -0.0016071428571259
72 68 -1.3120714285714434
72 69 0.3358928571428483
72 70 -1.6842857142857328
72 71 -3.3795000000000295
72 72 6.7628571428571860
72 73 0.0019285714285604
72 74 0.0032142857142861
72 75 -0.0016071428571259
72 76 -2.0230714285714457
73 30 0.0004285714285714
73 57 0.0004285714285714
73 65 0.0019285714285728
73 66 -2.0230714285714462
73 68 0.0004285714285714
73 69 -2.0230714285714599
73 70 -2.0230714285714582
73 71 -2.0230714285714666
73 72 0.0019285714285604
73 73 8.1231428571429927
74 30 -0.0371785714285754
74 41 0.7125000000000095
74 42 0.3368571428571575
74 43 0.3358928571428664
74 68 -1.3120714285714414
74 71 -0.0016071428571618
74 72 0.0032142857142861
74 74 6.7628571428572117
74 75 -3.3795000000000281
74 76 -2.0230714285714666
74 77 -0.0371785714285774
74 78 -1.6842857142857235
74 79 0.3358928571428542
74 80 -0.0016071428571618
74 81 -0.0006428571428497
74 82 0.0019285714285728
75 30 -0.0371785714285738
75 41 -1.3120714285714428
75 42 0.3358928571428483
75 43 -1.6842857142857328
75 68 0.7125000000000130
75 71 -0.0006428571428497
75 72 -0.0016071428571259
75 74 -3.3795000000000277
75 75 6.7628571428571842
75 76 0.0019285714285604
75 77 -0.0371785714285742
75 78 0.3358928571428592
75 79 0.3368571428571547
75 80 0.0032142857142861
75 81 -0.0016071428571259
75 82 -2.0230714285714479
76 30 0.0004285714285714
76 41 0.0004285714285714
76 42 -2.0230714285714591
76 43 -2.0230714285714577
76 68 0.0004285714285714
76 71 0.0019285714285724
76 72 -2.0230714285714457
76 74 -2.0230714285714662
76 75 0.0019285714285604
76 76 8.1231428571429909
77 41 -0.1747380952380977
77 50 -0.1747380952380977
77 51 -0.0746785714285788
77 52 -0.0746785714285765
77 68 0.0002619047619048
77 74 -0.0371785714285774
77 75 -0.0371785714285742
77 77 3.4054285714286006
77 78 0.0750000000000048
77 79 0.0754285714285726
77 80 0.7125000000000101
77 81 -1.3120714285714439
77 82 0.0004285714285714
77 83 -1.3120714285714423
77 84 0.7125000000000137
77 85 0.0004285714285714
77 86 0.0002619047619048
77 87 0.0754285714285645
77 88 0.0750000000000030
77 89 -0.0371785714285755
77 90 -0.0371785714285738
77 91 0.0004285714285714
77 113 -0.1747380952380976
77 116 -0.0371785714285773
77 117 -0.0371785714285742
77 119 0.7125000000000096
77 120 -1.3120714285714428
77 121 0.0004285714285714
77 122 -0.1747380952380976
77 123 -0.0746785714285788
77 124 -0.0746785714285765
77 125 -1.3120714285714414
77 126 0.7125000000000132
77 127 0.0004285714285714
77 128 -0.0371785714285754
77 129 -0.0371785714285738
77 130 0.0004285714285714
78 41 -0.0746785714285788
78 68 0.0754285714285644
78 74 -1.6842857142857235
78 75 0.3358928571428592
78 77 0.0750000000000048
78 78 6.7628571428572206
78 79 -1.3545000000000158
78 80 0.3368571428571571
78 81 0.3358928571428480
78 82 -2.0230714285714573
78 113 -0.0746785714285788
78 116 -1.6842857142857217
78 117 0.3358928571428588
78 119 0.3368571428571575
78 120 0.3358928571428483
78 121 -2.0230714285714595
79 41 -0.0746785714285765
79 68 0.0750000000000030
79 74 0.3358928571428542
79 75 0.3368571428571547
79 77 0.0754285714285726
79 78 -1.3545000000000158
79 79 6.7628571428572242
79 80 0.3358928571428662
79 81 -1.6842857142857310
79 82 -2.0230714285714599
79 113 -0.0746785714285765
79 116 0.3358928571428538
79 117 0.3368571428571543
79 119 0.3358928571428664
79 120 -1.6842857142857328
79 121 -2.0230714285714573
80 41 -1.3120714285714428
80 50 -0.0371785714285774
80 51 -1.6842857142857230
80 52 0.3358928571428540
80 68 -0.0371785714285754
80 74 -0.0016071428571618
80 75 0.0032142857142861
80 77 0.7125000000000101
80 78 0.3368571428571571
80 79 0.3358928571428662
80 80 6.7628571428572117
80 81 -3.3795000000000304
80 82 -2.0230714285714644
80 83 -0.0016071428571619
80 84 -0.0006428571428497
80 85 0.0019285714285728
81 41 0.7125000000000137
81 50 -0.0371785714285742
81 51 0.3358928571428590
81 52 0.3368571428571545
81 68 -0.0371785714285738
81 74 -0.0006428571428497
81 75 -0.0016071428571259
81 77 -1.3120714285714439
81 78 0.3358928571428479
81 79 -1.6842857142857310
81 80 -3.3795000000000304
81 81 6.7628571428571851
81 82 0.0019285714285604
81 83 0.0032142857142861
81 84 -0.0016071428571259
81 85 -2.0230714285714471
82 41 0.0004285714285714
82 68 0.0004285714285714
82 74 0.0019285714285728
82 75 -2.0230714285714479
82 77 0.0004285714285714
82 78 -2.0230714285714573
82 79 -2.0230714285714599
82 80 -2.0230714285714639
82 81 0.0019285714285604
82 82 8.1231428571429909
83 41 -0.0371785714285754
83 50 0.7125000000000100
83 51 0.3368571428571574
83 52 0.3358928571428664
83 77 -1.3120714285714423
83 80 -0.0016071428571618
83 81 0.0032142857142861
83 83 6.7628571428572126
83 84 -3.3795000000000304
83 85 -2.0230714285714662
83 86 -0.0371785714285773
83 87 -1.6842857142857217
83 88 0.3358928571428538
83 89 -0.0016071428571619
83 90 -0.0006428571428497
83 91 0.0019285714285728
84 41 -0.0371785714285738
84 50 -1.3120714285714439
84 51 0.3358928571428482
84 52 -1.6842857142857321
84 77 0.7125000000000137
84 80 -0.0006428571428497
84 81 -0.0016071428571259
84 83 -3.3795000000000304
84 84 6.7628571428571851
84 85 0.0019285714285604
84 86 -0.0371785714285742
84 87 0.3358928571428588
84 88 0.3368571428571543
84 89 0.0032142857142861
84 90 -0.0016071428571259
84 91 -2.0230714285714453
85 41 0.0004285714285714
85 50 0.0004285714285714
85 51 -2.0230714285714591
85 52 -2.0230714285714591
85 77 0.0004285714285714
85 80 0.0019285714285728
85 81 -2.0230714285714471
85 83 -2.0230714285714662
85 84 0.0019285714285604
85 85 8.1231428571429944
86 50 -0.0873690476190494
86 77 0.0002619047619048
86 83 -0.0371785714285773
86 84 -0.0371785714285742
86 86 1.7027142857142983
86 87 0.0750000000000048
86 88 0.0754285714285726
86 89 0.3375000000000013
86 90 -0.6747857142857179
86 91 0.0004285714285714
86 122 -0.1747380952380977
86 125 -0.0371785714285774
86 126 -0.0371785714285742
86 128 0.7125000000000101
86 129 -1.3120714285714439
86 130 0.0004285714285714
86 131 -0.0873690476190495
86 132 -0.0746785714285788
86 133 -0.0746785714285765
86 134 -0.6372857142857229
86 135 0.3750000000000082
86 136 0.0004285714285714
87 50 -0.0746785714285788
87 77 0.0754285714285644
87 83 -1.6842857142857217
87 84 0.3358928571428588
87 86 0.0750000000000048
87 87 6.7628571428572206
87 88 -1.3545000000000158
87 89 0.3368571428571575
87 90 0.3358928571428483
87 91 -2.0230714285714595
87 122 -0.0746785714285788
87 125 -1.6842857142857235
87 126 0.3358928571428592
87 128 0.3368571428571571
87 129 0.3358928571428480
87 130 -2.0230714285714573
88 50 -0.0746785714285765
88 77 0.0750000000000030
88 83 0.3358928571428538
88 84 0.3368571428571543
88 86 0.0754285714285726
88 87 -1.3545000000000158
88 88 6.7628571428572242
88 89 0.3358928571428664
88 90 -1.6842857142857328
88 91 -2.0230714285714573
88 122 -0.0746785714285765
88 125 0.3358928571428542
88 126 0.3368571428571547
88 128 0.3358928571428662
88 129 -1.6842857142857310
88 130 -2.0230714285714599
89 50 -0.6372857142857223
89 77 -0.0371785714285755
89 83 -0.0016071428571619
89 84 0.0032142857142861
89 86 0.3375000000000013
89 87 0.3368571428571575
89 88 0.3358928571428665
89 89 3.3814285714286063
89 90 -1.6897500000000156
89 91 -2.0230714285714670
90 50 0.3750000000000080
90 77 -0.0371785714285738
90 83 -0.0006428571428497
90 84 -0.0016071428571259
90 86 -0.6747857142857179
90 87 0.3358928571428483
90 88 -1.6842857142857328
90 89 -1.6897500000000154
90 90 3.3814285714285952
90 91 0.0019285714285604
91 50 0.0004285714285714
91 77 0.0004285714285714
91 83 0.0019285714285728
91 84 -2.0230714285714453
91 86 0.0004285714285714
91 87 -2.0230714285714599
91 88 -2.0230714285714573
91 89 -2.0230714285714670
91 90 0.0019285714285604
91 91 8.1231428571429927
92 56 -0.0873690476190482
92 92 0.8518095238095320
92 93 0.0002619047619048
92 94 0.0754285714285645
92 95 0.0750000000000030
92 96 -0.0371785714285754
92 97 -0.0371785714285738
92 98 -0.6747857142857191
92 99 0.3375000000000052
92 100 0.0004285714285714
92 137 -0.0873690476190482
92 138 -0.0371785714285754
92 139 -0.0371785714285738
92 140 -0.6747857142857191
92 141 0.3375000000000052
92 142 0.0004285714285714
93 56 -0.1747380952380976
93 57 -0.1747380952380976
93 58 -0.0746785714285788
93 59 -0.0746785714285764
93 92 0.0002619047619048
93 93 3.4054285714285997
93 94 0.0750000000000048
93 95 0.0754285714285727
93 96 0.7125000000000097
93 97 -1.3120714285714432
93 98 -0.0371785714285774
93 99 -0.0371785714285742
93 100 0.0004285714285714
93 101 -1.3120714285714419
93 102 0.7125000000000132
93 103 0.0004285714285714
93 104 0.0002619047619048
93 105 0.0754285714285645
93 106 0.0750000000000030
93 107 -0.0371785714285754
93 108 -0.0371785714285738
93 109 0.0004285714285714
93 137 -0.1747380952380976
93 138 0.7125000000000097
93 139 -1.3120714285714432
93 140 -0.0371785714285774
93 141 -0.0371785714285742
93 142 0.0004285714285714
93 143 -0.1747380952380976
93 144 -0.0746785714285788
93 145 -0.0746785714285764
93 146 -1.3120714285714419
93 147 0.7125000000000132
93 148 0.0004285714285714
93 149 -0.0371785714285754
93 150 -0.0371785714285738
93 151 0.0004285714285714
94 56 -0.0746785714285788
94 92 0.0754285714285645
94 93 0.0750000000000048
94 94 6.7628571428572197
94 95 -1.3545000000000158
94 96 0.3368571428571572
94 97 0.3358928571428481
94 98 -1.6842857142857222
94 99 0.3358928571428589
94 100 -2.0230714285714582
94 137 -0.0746785714285788
94 138 0.3368571428571572
94 139 0.3358928571428481
94 140 -1.6842857142857222
94 141 0.3358928571428589
94 142 -2.0230714285714582
95 56 -0.0746785714285764
95 92 0.0750000000000030
95 93 0.0754285714285727
95 94 -1.3545000000000158
95 95 6.7628571428572233
95 96 0.3358928571428663
95 97 -1.6842857142857315
95 98 0.3358928571428539
95 99 0.3368571428571544
95 100 -2.0230714285714582
95 137 -0.0746785714285764
95 138 0.3358928571428663
95 139 -1.6842857142857315
95 140 0.3358928571428539
95 141 0.3368571428571544
95 142 -2.0230714285714582
96 56 -1.3120714285714419
96 57 -0.0371785714285774
96 58 -1.6842857142857222
96 59 0.3358928571428539
96 92 -0.0371785714285754
96 93 0.7125000000000097
96 94 0.3368571428571572
96 95 0.3358928571428663
96 96 6.7628571428572108
96 97 -3.3795000000000286
96 98 -0.0016071428571619
96 99 0.0032142857142861
96 100 -2.0230714285714653
96 101 -0.0016071428571619
96 102 -0.0006428571428497
96 103 0.0019285714285728
97 56 0.7125000000000132
97 57 -0.0371785714285742
97 58 0.3358928571428589
97 59 0.3368571428571544
97 92 -0.0371785714285738
97 93 -1.3120714285714432
97 94 0.3358928571428481
97 95 -1.6842857142857315
97 96 -3.3795000000000290
97 97 6.7628571428571833
97 98 -0.0006428571428497
97 99 -0.0016071428571259
97 100 0.0019285714285604
97 101 0.0032142857142861
97 102 -0.0016071428571259
97 103 -2.0230714285714462
98 56 0.3750000000000082
98 92 -0.6747857142857192
98 93 -0.0371785714285774
98 94 -1.6842857142857222
98 95 0.3358928571428539
98 96 -0.0016071428571619
98 97 -0.0006428571428497
98 98 3.3814285714286045
98 99 -1.6897500000000130
98 100 0.0019285714285728
99 56 -0.6372857142857249
99 92 0.3375000000000052
99 93 -0.0371785714285742
99 94 0.3358928571428589
99 95 0.3368571428571544
99 96 0.0032142857142861
99 97 -0.0016071428571259
99 98 -1.6897500000000130
99 99 3.3814285714285885
99 100 -2.0230714285714462
