%%MatrixMarket matrix coordinate  real general
400 400 19590
1 1 6.3766502539846232622267052647657692432403564453125000000000000000e+00
1 2 -4.2181742150230681076550354191567748785018920898437500000000000000e+00
1 3 1.5224592608334928112157058421871624886989593505859375000000000000e+00
1 4 -1.0963684184416206957024542134604416787624359130859375000000000000e+00
1 5 1.0390277409440145106600539293140172958374023437500000000000000000e+00
1 6 7.6184901583147102144266682444140315055847167968750000000000000000e-01
1 7 -1.2328619386642011845900412936316570267081260681152343750000000000e-01
1 8 -9.1024183434908378931282868506968952715396881103515625000000000000e-01
1 9 6.3434392632378788778879652454634197056293487548828125000000000000e-01
1 10 -4.8396196721192868972494238732906524091958999633789062500000000000e-01
1 11 -4.1345907107887758247244391895947046577930450439453125000000000000e-01
1 12 -1.9240539201446450745525140746394754387438297271728515625000000000e-02
1 13 -1.4697152118407230680929842492332682013511657714843750000000000000e-01
1 14 8.4675044420645917409018466059933416545391082763671875000000000000e-01
1 15 -3.3812968138766455461485804789845133200287818908691406250000000000e-05
1 16 2.6580225770880572255805418535601347684860229492187500000000000000e-01
1 17 3.7689605750241933490585211075085680931806564331054687500000000000e-01
1 18 2.7071411624358565628511996692395769059658050537109375000000000000e-01
2 1 -4.2181742150230681076550354191567748785018920898437500000000000000e+00
2 2 1.0197423209038634084322438866365700960159301757812500000000000000e+01
2 3 -5.0091662453688297063081336091272532939910888671875000000000000000e+00
2 4 1.3753979744798479067924290575319901108741760253906250000000000000e+00
2 5 2.6493014941369361636702706164214760065078735351562500000000000000e+00
2 6 -1.8228886428467392377683609083760529756546020507812500000000000000e+00
2 7 1.1599898479450856392247715120902284979820251464843750000000000000e+00
2 8 7.6184901583147091042036436192574910819530487060546875000000000000e-01
2 9 1.6943868449127419406607941709808073937892913818359375000000000000e-01
2 10 -1.3081905934223587717468717528390698134899139404296875000000000000e+00
2 11 2.0893063465595851369016600074246525764465332031250000000000000000e+00
2 12 9.2711339483519306092773604177637025713920593261718750000000000000e-01
2 13 -1.1003995159985846541417231492232531309127807617187500000000000000e-02
2 14 1.6397812495203476501615114102605730295181274414062500000000000000e+00
2 15 -2.1379822238793125266376193849282572045922279357910156250000000000e-01
2 16 -1.9130120471349809641026240569772198796272277832031250000000000000e+00
2 17 2.0839486173311461136847810848848894238471984863281250000000000000e-01
2 18 -1.0695425535425386875942876940825954079627990722656250000000000000e+00
2 19 -1.9998276827209489070469317084643989801406860351562500000000000000e+00
2 20 9.2757343606910636069073916587512940168380737304687500000000000000e-01
2 21 5.3633307184605383266529088359675370156764984130859375000000000000e-01
2 22 -4.0864048302424643699382045269885566085577011108398437500000000000e-01
2 23 1.2059466094457536866624280946780345402657985687255859375000000000e-01
2 24 8.1533909966364004340277915616752579808235168457031250000000000000e-01
2 25 6.5950823812161030179623821823042817413806915283203125000000000000e-01
2 26 6.9287514029214136712653271388262510299682617187500000000000000000e-01
2 27 4.8086756254135304411434503890632186084985733032226562500000000000e-02
2 28 -4.6616101053072134252630576156661845743656158447265625000000000000e-01
2 29 2.2531626723462716554990947770420461893081665039062500000000000000e-01
2 30 2.5119811177145245917330385054810903966426849365234375000000000000e-01
3 1 1.5224592608334928112157058421871624886989593505859375000000000000e+00
3 2 -5.0091662453688297063081336091272532939910888671875000000000000000e+00
3 3 1.2159294841312288326662383042275905609130859375000000000000000000e+01
3 4 -6.1393298788712646896215119340922683477401733398437500000000000000e+00
3 5 3.9427752911649593947629455215064808726310729980468750000000000000e-01
3 6 2.6493014941369361636702706164214760065078735351562500000000000000e+00
3 7 1.0309461913193835869151371298357844352722167968750000000000000000e+00
3 8 1.0390277409440147327046588543453253805637359619140625000000000000e+00
3 9 -2.5261576061968049611294873102451674640178680419921875000000000000e-01
3 10 4.6696023585109969200601653938065283000469207763671875000000000000e-01
3 11 1.1770696448305226766706255148164927959442138671875000000000000000e+00
3 12 -6.2721456657367746778675154928350821137428283691406250000000000000e-01
3 13 -2.3906962370297510922512174147414043545722961425781250000000000000e+00
3 14 2.1653998661061696351382011016539763659238815307617187500000000000e-01
3 15 -5.9409745537873470677681098095490597188472747802734375000000000000e-01
3 16 3.9895437312970334353678936167852953076362609863281250000000000000e+00
3 17 3.0104395747788998960459139198064804077148437500000000000000000000e+00
3 18 -5.3533806267434591585896441756631247699260711669921875000000000000e-02
3 19 2.1434581444429268159979073971044272184371948242187500000000000000e+00
3 20 5.2921187373535949483027707174187526106834411621093750000000000000e-01
3 21 -4.1867364285543051671822922799037769436836242675781250000000000000e-01
3 22 9.9903645077784597461345583724323660135269165039062500000000000000e-01
3 23 -2.6848673776180775885080720399855636060237884521484375000000000000e-01
3 24 -2.0004256859988887029544457618612796068191528320312500000000000000e+00
3 25 -1.3608919665982743829601986362831667065620422363281250000000000000e+00
3 26 -1.2144536593512280653328616608632728457450866699218750000000000000e+00
3 27 -1.0704327484853866370162478460770216770470142364501953125000000000e-01
3 28 -2.0535599203760851461098013714945409446954727172851562500000000000e-01
3 29 -1.1760025052602554596070660863915691152215003967285156250000000000e-02
3 30 5.5024736126316135809144469703824142925441265106201171875000000000e-02
4 1 -1.0963684184416206957024542134604416787624359130859375000000000000e+00
4 2 1.3753979744798479067924290575319901108741760253906250000000000000e+00
4 3 -6.1393298788712646896215119340922683477401733398437500000000000000e+00
4 4 8.0931746307364598180811299243941903114318847656250000000000000000e+00
4 5 -5.0309461913193826987367174297105520963668823242187500000000000000e+00
4 6 -1.5998984794508519513556166202761232852935791015625000000000000000e-01
4 7 -1.2615337352739422471792352098418632522225379943847656250000000000e-01
4 8 1.2328619386642011845900412936316570267081260681152343750000000000e-01
4 9 -5.7656284136266222617450694087892770767211914062500000000000000000e-01
4 10 9.7821907978652400394992127985460683703422546386718750000000000000e-01
4 11 1.0435240901356759302132104494376108050346374511718750000000000000e+00
4 12 2.7079472056086451026146733056521043181419372558593750000000000000e-01
4 13 5.5035076334784815976775007584365084767341613769531250000000000000e-01
4 14 -1.2131390411947955421112510521197691559791564941406250000000000000e+00
4 15 1.3518463077251188786398472529981518164277076721191406250000000000e-01
4 16 -1.3967156819903761011403275915654376149177551269531250000000000000e+00
4 17 -5.7206338553531854707046022667782381176948547363281250000000000000e-01
4 18 -9.0744364063788063301529973614378832280635833740234375000000000000e-01
4 19 -9.9618922589948799561909709154861047863960266113281250000000000000e-01
4 20 3.8091881096996899058737540144647937268018722534179687500000000000e-01
4 21 2.7198651858126693392492256862169597297906875610351562500000000000e-01
4 22 -3.3901983176473660108740659779869019985198974609375000000000000000e-01
4 23 1.0152582557406673868793944848221144638955593109130859375000000000e-01
4 24 7.0018398441872897741689030226552858948707580566406250000000000000e-01
4 25 3.8940196949505562207249909079109784215688705444335937500000000000e-01
4 26 3.9047731573414395933596665599907282739877700805664062500000000000e-01
4 27 2.4764029152123476912317201481528172735124826431274414062500000000e-02
4 28 -2.5571440334837530761191715100721921771764755249023437500000000000e-01
4 29 5.6034690348884801103235275832048500888049602508544921875000000000e-02
4 30 1.0429952266978352592996515113554778508841991424560546875000000000e-01
5 1 1.0390277409440145106600539293140172958374023437500000000000000000e+00
5 2 2.6493014941369361636702706164214760065078735351562500000000000000e+00
5 3 3.9427752911649593947629455215064808726310729980468750000000000000e-01
5 4 -5.0309461913193826987367174297105520963668823242187500000000000000e+00
5 5 1.2159294841312286550305543642025440931320190429687500000000000000e+01
5 6 -5.0091662453688297063081336091272532939910888671875000000000000000e+00
5 7 3.1393298788712651337107217841548845171928405761718750000000000000e+00
5 8 5.2245926083349258917110091715585440397262573242187500000000000000e-01
5 9 2.5261576061968038509064626850886270403861999511718750000000000000e-01
5 10 -2.1008554156347387653624991799006238579750061035156250000000000000e+00
5 11 2.4257655568272587509603965827409410849213600158691406250000000000e-01
5 12 2.3600569522611651862575854465831071138381958007812500000000000000e+00
5 13 7.8911166414330979890223716211039572954177856445312500000000000000e-01
5 14 1.2716388927841077993718954530777409672737121582031250000000000000e+00
5 15 -4.3923809441311412182784579272265546023845672607421875000000000000e-02
5 16 -3.9716894316871922399059258168563246726989746093750000000000000000e+00
5 17 -1.2790671230077375053468813348445110023021697998046875000000000000e+00
5 18 6.9901215601563604362667092573246918618679046630859375000000000000e-01
5 19 -2.2178154582137250550033513718517497181892395019531250000000000000e+00
5 20 -2.0968787284569972984016317241184879094362258911132812500000000000e-01
5 21 4.9748187161663837141389876705943606793880462646484375000000000000e-01
5 22 -1.0470764424033487394183339347364380955696105957031250000000000000e+00
5 23 5.4410821297266465101927224168321117758750915527343750000000000000e-01
5 24 2.1372432933871770011080570839112624526023864746093750000000000000e+00
5 25 1.2991942390293100828557726345025002956390380859375000000000000000e+00
5 26 1.1734510921573921837790521749411709606647491455078125000000000000e+00
5 27 1.0656649371036241991106408022460527718067169189453125000000000000e-01
5 31 2.2174529596521364016581401301664300262928009033203125000000000000e-01
5 32 -2.1728858453782479154270390608871821314096450805664062500000000000e-01
5 33 -2.0385840272343951767863856616713746916502714157104492187500000000e-02
5 34 -7.7309882689914039000100842713436577469110488891601562500000000000e-02
5 35 -2.4738189866263382565847450678120367228984832763671875000000000000e-01
5 36 -7.6584000446036470943766971686272881925106048583984375000000000000e-02
6 1 7.6184901583147102144266682444140315055847167968750000000000000000e-01
6 2 -1.8228886428467392377683609083760529756546020507812500000000000000e+00
6 3 2.6493014941369361636702706164214760065078735351562500000000000000e+00
6 4 -1.5998984794508519513556166202761232852935791015625000000000000000e-01
6 5 -5.0091662453688297063081336091272532939910888671875000000000000000e+00
6 6 1.0197423209038634084322438866365700960159301757812500000000000000e+01
6 7 -4.3753979744798483508816389075946062803268432617187500000000000000e+00
6 8 7.8182578497693189234496458084322512149810791015625000000000000000e-01
6 9 -1.6943868449127413855492818584025371819734573364257812500000000000e-01
6 10 -1.2372858827707222673097930965013802051544189453125000000000000000e-01
6 11 1.1066241505756782004255001083947718143463134765625000000000000000e+00
6 12 4.9431100735122301959023616291233338415622711181640625000000000000e-01
6 13 -1.6625349962267392811554600484669208526611328125000000000000000000e+00
6 14 2.4995247950024723770923174015479162335395812988281250000000000000e+00
6 15 1.1483383777649975865386977602611295878887176513671875000000000000e+00
6 16 1.9895363904194527382429669160046614706516265869140625000000000000e+00
6 17 1.1947928908018121685330470427288673818111419677734375000000000000e+00
6 18 1.6101660738821965690448223540442995727062225341796875000000000000e-01
6 19 9.7871776838128066167143970233155414462089538574218750000000000000e-01
6 20 1.7694932188024692365502232860308140516281127929687500000000000000e-01
6 21 -2.4595123085363487791532577375619439408183097839355468750000000000e-01
6 22 6.1932347677343446701314633173751644790172576904296875000000000000e-01
6 23 9.4361069561885202450213228075881488621234893798828125000000000000e-01
6 24 -1.5385889870973796789144216745626181364059448242187500000000000000e+00
6 25 -8.4994401766852201163260360772255808115005493164062500000000000000e-01
6 26 -5.1305530029005208536574400568497367203235626220703125000000000000e-01
6 27 -4.5995796739879434011921688352231285534799098968505859375000000000e-02
6 31 3.7675133110553538084985802925075404345989227294921875000000000000e-01
6 32 -9.1899263923107943341506143042352050542831420898437500000000000000e-01
6 33 -1.1636630775285732031232299732437240891158580780029296875000000000e-01
6 34 1.5808615563937886139278532482421724125742912292480468750000000000e-01
6 35 -5.3223073388072417166938521404517814517021179199218750000000000000e-01
6 36 -3.3940737748557758823864105579559691250324249267578125000000000000e-01
7 1 -1.2328619386642011845900412936316570267081260681152343750000000000e-01
7 2 1.1599898479450856392247715120902284979820251464843750000000000000e+00
7 3 1.0309461913193835869151371298357844352722167968750000000000000000e+00
7 4 -1.2615337352739422471792352098418632522225379943847656250000000000e-01
7 5 3.1393298788712651337107217841548845171928405761718750000000000000e+00
7 6 -4.3753979744798483508816389075946062803268432617187500000000000000e+00
7 7 8.0931746307364598180811299243941903114318847656250000000000000000e+00
7 8 -2.9036315815583790822529408615082502365112304687500000000000000000e+00
7 9 4.2343715863733777382549305912107229232788085937500000000000000000e-01
7 10 -4.5169948657763492327887888677651062607765197753906250000000000000e-01
7 11 1.3492347210710518012888314842712134122848510742187500000000000000e+00
7 12 4.1033412676409530828181004835641942918300628662109375000000000000e-01
7 13 -8.4212321436405379593281850247876718640327453613281250000000000000e-01
7 14 -1.1761115940428457093958058976568281650543212890625000000000000000e+00
7 15 -9.5254374901401228648012420308077707886695861816406250000000000000e-01
7 16 -1.4288962892421284145427762268809601664543151855468750000000000000e+00
7 17 -4.3874020160979432247927434218581765890121459960937500000000000000e-01
7 18 1.6802284750248450140297507005016086623072624206542968750000000000e-01
7 19 -7.0047369257545255560870600675116293132305145263671875000000000000e-01
7 20 -1.0906495933357707173172457260079681873321533203125000000000000000e-01
7 21 1.3819229571969562919697693814669037237763404846191406250000000000e-01
7 22 -3.2919217245621079648287832242203876376152038574218750000000000000e-01
7 23 -3.8242367173464347773759186566167045384645462036132812500000000000e-01
7 24 7.3813952201380805817620966990943998098373413085937500000000000000e-01
7 25 4.8446074695188356962205489253392443060874938964843750000000000000e-01
7 26 3.9886531180827400344668376419576816260814666748046875000000000000e-01
7 27 2.4861565442871699782578787107922835275530815124511718750000000000e-02
7 31 -2.3570591276912797318310310856759315356612205505371093750000000000e-01
7 32 3.9838531733870230500116349503514356911182403564453125000000000000e-01
7 33 4.5001893074656088011842314244859153404831886291503906250000000000e-02
7 34 6.5800598552295634646736033346314798109233379364013671875000000000e-04
7 35 2.9788902015048368543403967123595066368579864501953125000000000000e-01
7 36 1.4237803760703415800747961839078925549983978271484375000000000000e-01
8 1 -9.1024183434908378931282868506968952715396881103515625000000000000e-01
8 2 7.6184901583147091042036436192574910819530487060546875000000000000e-01
8 3 1.0390277409440147327046588543453253805637359619140625000000000000e+00
8 4 1.2328619386642011845900412936316570267081260681152343750000000000e-01
8 5 5.2245926083349258917110091715585440397262573242187500000000000000e-01
8 6 7.8182578497693189234496458084322512149810791015625000000000000000e-01
8 7 -2.9036315815583790822529408615082502365112304687500000000000000000e+00
8 8 7.3766502539846232622267052647657692432403564453125000000000000000e+00
8 9 -4.6343439263237877767664940620306879281997680664062500000000000000e+00
8 10 8.5302847881592769319070157507667317986488342285156250000000000000e-01
8 11 8.4675044420645928511248712311498820781707763671875000000000000000e-01
8 12 3.7689605750241933490585211075085680931806564331054687500000000000e-01
8 13 -4.8396196721192868972494238732906524091958999633789062500000000000e-01
8 14 -4.1345907107887752696129268770164344459772109985351562500000000000e-01
8 15 -2.7071411624358565628511996692395769059658050537109375000000000000e-01
8 16 -2.6580225770880572255805418535601347684860229492187500000000000000e-01
8 17 -1.9240539201446450745525140746394754387438297271728515625000000000e-02
8 18 3.3812968138766455461485804789845133200287818908691406250000000000e-05
9 1 6.3434392632378788778879652454634197056293487548828125000000000000e-01
9 2 1.6943868449127419406607941709808073937892913818359375000000000000e-01
9 3 -2.5261576061968049611294873102451674640178680419921875000000000000e-01
9 4 -5.7656284136266222617450694087892770767211914062500000000000000000e-01
9 5 2.5261576061968038509064626850886270403861999511718750000000000000e-01
9 6 -1.6943868449127413855492818584025371819734573364257812500000000000e-01
9 7 4.2343715863733777382549305912107229232788085937500000000000000000e-01
9 8 -4.6343439263237877767664940620306879281997680664062500000000000000e+00
9 9 6.6375189887152803436265458003617823123931884765625000000000000000e+00
9 10 -4.3093225619224106992533052107319235801696777343750000000000000000e+00
9 11 3.1756362069105992240736213716445490717887878417968750000000000000e-01
9 12 -1.6951902729035808747859448430972406640648841857910156250000000000e-01
9 13 3.0932256192241008863064166689582634717226028442382812500000000000e-01
9 14 6.8243637930894007759263786283554509282112121582031250000000000000e-01
9 15 1.2956244062810906569893631967715919017791748046875000000000000000e-01
9 16 2.5908597942049266249497918579436372965574264526367187500000000000e-01
9 17 1.6951902729035808747859448430972406640648841857910156250000000000e-01
9 18 1.2956244062810906569893631967715919017791748046875000000000000000e-01
10 1 -4.8396196721192868972494238732906524091958999633789062500000000000e-01
10 2 -1.3081905934223587717468717528390698134899139404296875000000000000e+00
10 3 4.6696023585109969200601653938065283000469207763671875000000000000e-01
10 4 9.7821907978652400394992127985460683703422546386718750000000000000e-01
10 5 -2.1008554156347387653624991799006238579750061035156250000000000000e+00
10 6 -1.2372858827707222673097930965013802051544189453125000000000000000e-01
10 7 -4.5169948657763492327887888677651062607765197753906250000000000000e-01
10 8 8.5302847881592769319070157507667317986488342285156250000000000000e-01
10 9 -4.3093225619224106992533052107319235801696777343750000000000000000e+00
10 10 1.0481697417167033847817947389557957649230957031250000000000000000e+01
10 11 -1.1377154976240566597311953955795615911483764648437500000000000000e+00
10 12 4.3747690871839872706061669305199757218360900878906250000000000000e-01
10 13 -8.7728415332507880819434831209946423768997192382812500000000000000e-01
10 14 -2.0351534608448420549109414423583075404167175292968750000000000000e+00
10 15 -1.5376042693233360481031013478059321641921997070312500000000000000e-01
10 16 2.1507755207979100120496696035843342542648315429687500000000000000e+00
10 17 -4.4213260564495426852005266482592560350894927978515625000000000000e-02
10 18 -2.8455256847846793766265705016849096864461898803710937500000000000e-01
10 19 1.7849612653277513452110270009143278002738952636718750000000000000e+00
10 20 2.2260657698672421389574083150364458560943603515625000000000000000e+00
10 21 -2.1755699174912308535567717626690864562988281250000000000000000000e+00
10 22 1.0650190182326371157728317484725266695022583007812500000000000000e+00
10 23 -1.4065681533199592134764088768861256539821624755859375000000000000e-01
10 24 -1.0603540872028558439410517166834324598312377929687500000000000000e+00
10 25 -7.9230984447513630453130417663487605750560760498046875000000000000e-01
10 26 3.5329384828891419179086597068817354738712310791015625000000000000e-01
10 27 2.2635023844959500927132012293441221117973327636718750000000000000e-01
10 28 -1.4242750722215253844638027658220380544662475585937500000000000000e+00
10 29 -1.1312971648285403691858164165751077234745025634765625000000000000e+00
10 30 -2.7257084974912115793443945221952162683010101318359375000000000000e-01
10 37 -6.7510846142487745957794231799198314547538757324218750000000000000e-01
10 50 -2.8325751198014736953467718194588087499141693115234375000000000000e-01
10 51 6.2317772856872222231316982288262806832790374755859375000000000000e-01
10 52 7.7342789988891458285991120646940544247627258300781250000000000000e-01
10 53 1.8185217534188469201694715593475848436355590820312500000000000000e-01
10 54 4.0581229117852818388811897420964669436216354370117187500000000000e-01
10 55 -1.8084534572031381038925701432162895798683166503906250000000000000e+00
10 56 -1.4571063055164323873924558938597328960895538330078125000000000000e-01
10 57 2.3910813024032095963633537394343875348567962646484375000000000000e-01
10 58 -2.9442549072749940597404361142253037542104721069335937500000000000e-01
10 59 5.7614398903647390248750070895766839385032653808593750000000000000e-02
10 60 2.5797117768216659694502368438406847417354583740234375000000000000e-01
11 1 -4.1345907107887758247244391895947046577930450439453125000000000000e-01
11 2 2.0893063465595851369016600074246525764465332031250000000000000000e+00
11 3 1.1770696448305226766706255148164927959442138671875000000000000000e+00
11 4 1.0435240901356759302132104494376108050346374511718750000000000000e+00
11 5 2.4257655568272587509603965827409410849213600158691406250000000000e-01
11 6 1.1066241505756782004255001083947718143463134765625000000000000000e+00
11 7 1.3492347210710518012888314842712134122848510742187500000000000000e+00
11 8 8.4675044420645928511248712311498820781707763671875000000000000000e-01
11 9 3.1756362069105992240736213716445490717887878417968750000000000000e-01
11 10 -1.1377154976240566597311953955795615911483764648437500000000000000e+00
11 11 1.7197180398743356022350781131535768508911132812500000000000000000e+01
11 12 -2.6012910333544714269748965307371690869331359863281250000000000000e+00
11 13 -1.5776962194452206489359014085493981838226318359375000000000000000e+00
11 14 -3.2597516840433327089954218536149710416793823242187500000000000000e-02
11 15 5.3646500859274504069418298968230374157428741455078125000000000000e-01
11 16 -8.5312909586500562664213020980241708457469940185546875000000000000e-02
11 17 -1.9316620351139546230001542426180094480514526367187500000000000000e+00
11 18 -7.7917737040009860116640538763022050261497497558593750000000000000e-01
11 19 -2.2015255302114882240971382998395711183547973632812500000000000000e+00
11 20 -7.1306807278137795957917433042894117534160614013671875000000000000e-01
11 21 -3.7261868119479442107433442288311198353767395019531250000000000000e+00
11 22 1.7740571447143507199939449492376297712326049804687500000000000000e+00
11 23 1.6272117090794606664161392473033629357814788818359375000000000000e+00
11 24 -5.4804651441265628264432052674237638711929321289062500000000000000e-01
11 25 8.3099071902609300543929293780820444226264953613281250000000000000e-01
11 26 3.4586497518793697381056517770048230886459350585937500000000000000e+00
11 27 -1.6199640244557791390889178728684782981872558593750000000000000000e+00
11 28 -1.6397742826572989649491773889167234301567077636718750000000000000e+00
11 29 -2.2145809825256339564703012001700699329376220703125000000000000000e+00
11 30 1.1811978453920470855109670083038508892059326171875000000000000000e+00
11 31 2.1534727097800057671328488595463568344712257385253906250000000000e-01
11 32 -1.0282434892557972272442157191107980906963348388671875000000000000e+00
11 33 -2.5538581355522493865350952546577900648117065429687500000000000000e-01
11 34 1.3975854270378457178125586324313189834356307983398437500000000000e-01
11 35 -4.9468195873452847077800242914236150681972503662109375000000000000e-01
11 36 -3.1081480826225632574377755190653260797262191772460937500000000000e-01
11 37 -1.3460023287186295704032090725377202033996582031250000000000000000e+00
11 38 -7.1159775603688957268389003729680553078651428222656250000000000000e-01
11 39 -5.7507428800862514517433510263799689710140228271484375000000000000e-02
11 46 7.2526532536790810912208371519227512180805206298828125000000000000e-01
11 47 4.8833278747008684872454864489554893225431442260742187500000000000e-02
11 48 4.2538672530045174013935138646047562360763549804687500000000000000e-01
11 49 1.3956939590182027011167065211338922381401062011718750000000000000e-01
11 50 -1.5705573982450315995151868264656513929367065429687500000000000000e+00
11 51 9.3254418326984467313423010637052357196807861328125000000000000000e-01
11 52 1.1801307056705900855320123810088261961936950683593750000000000000e+00
11 53 3.2650540559086999037319287708669435232877731323242187500000000000e-01
11 54 1.2168920587261462529227173945400863885879516601562500000000000000e+00
11 55 -1.9066720196123883024341694181202910840511322021484375000000000000e+00
11 56 -1.0861875313207893789524405292468145489692687988281250000000000000e+00
11 57 4.0342574343112530543820071216032374650239944458007812500000000000e-01
11 61 4.3275633548443309672748569028044585138559341430664062500000000000e-01
11 62 3.2896487269725993574098765748203732073307037353515625000000000000e-01
11 63 4.2619669485848077350453877443214878439903259277343750000000000000e-01
12 1 -1.9240539201446450745525140746394754387438297271728515625000000000e-02
12 2 9.2711339483519306092773604177637025713920593261718750000000000000e-01
12 3 -6.2721456657367746778675154928350821137428283691406250000000000000e-01
12 4 2.7079472056086451026146733056521043181419372558593750000000000000e-01
12 5 2.3600569522611651862575854465831071138381958007812500000000000000e+00
12 6 4.9431100735122301959023616291233338415622711181640625000000000000e-01
12 7 4.1033412676409530828181004835641942918300628662109375000000000000e-01
12 8 3.7689605750241933490585211075085680931806564331054687500000000000e-01
12 9 -1.6951902729035808747859448430972406640648841857910156250000000000e-01
12 10 4.3747690871839872706061669305199757218360900878906250000000000000e-01
12 11 -2.6012910333544714269748965307371690869331359863281250000000000000e+00
12 12 1.2448830901524040370986767811700701713562011718750000000000000000e+01
12 13 -3.6748838833953580973457064828835427761077880859375000000000000000e+00
12 14 -9.0550755617281897258408207562752068042755126953125000000000000000e-01
12 15 1.9052029253924620544324852744466625154018402099609375000000000000e+00
12 16 -1.5840036984935066399771130818407982587814331054687500000000000000e+00
12 17 -9.9128270691260789160281774456962011754512786865234375000000000000e-01
12 18 2.4043992812126402380812351111671887338161468505859375000000000000e-01
12 19 -1.3916005936005362286778108682483434677124023437500000000000000000e+00
12 20 -3.1827088320417901146086592234496492892503738403320312500000000000e-01
12 21 3.0176598756310002436009654047666117548942565917968750000000000000e-01
12 22 -1.9295543388453331168364002223825082182884216308593750000000000000e+00
12 23 1.2556214531068450313000539608765393495559692382812500000000000000e+00
12 24 1.7290260211025121339645238549564965069293975830078125000000000000e-01
12 25 -2.3192374317777830761144741700263693928718566894531250000000000000e+00
12 26 1.2930147711487449679879091490874998271465301513671875000000000000e-01
12 27 8.1551588964136334514165582731948234140872955322265625000000000000e-01
12 31 3.2422225108855888819903157127555459737777709960937500000000000000e+00
12 32 6.3907094570884614981309823633637279272079467773437500000000000000e-01
12 33 -1.2220989638056807269350656497408635914325714111328125000000000000e+00
12 34 1.8140373903698523427863165125017985701560974121093750000000000000e+00
12 35 -1.0795019221878217052790205343626439571380615234375000000000000000e+00
12 36 8.0812591587642756962850398849695920944213867187500000000000000000e-01
12 40 -1.4464572053319135758187030660337768495082855224609375000000000000e-01
12 41 8.5197317874393441172742313938215374946594238281250000000000000000e-01
12 42 -7.7126626876132808874331203696783632040023803710937500000000000000e-02
12 43 5.7501843731231672141035460299463011324405670166015625000000000000e-01
12 44 -1.9632386650612618228528560848644701763987541198730468750000000000e-01
12 45 2.4144732293394088884497250546701252460479736328125000000000000000e-01
12 61 -8.3438556383094919510767795145511627197265625000000000000000000000e-01
12 62 6.8713505540608310617756160354474559426307678222656250000000000000e-01
12 63 3.8742956927405847178391695706523023545742034912109375000000000000e-01
13 1 -1.4697152118407230680929842492332682013511657714843750000000000000e-01
13 2 -1.1003995159985846541417231492232531309127807617187500000000000000e-02
13 3 -2.3906962370297510922512174147414043545722961425781250000000000000e+00
13 4 5.5035076334784815976775007584365084767341613769531250000000000000e-01
13 5 7.8911166414330979890223716211039572954177856445312500000000000000e-01
13 6 -1.6625349962267392811554600484669208526611328125000000000000000000e+00
13 7 -8.4212321436405379593281850247876718640327453613281250000000000000e-01
13 8 -4.8396196721192868972494238732906524091958999633789062500000000000e-01
13 9 3.0932256192241008863064166689582634717226028442382812500000000000e-01
13 10 -8.7728415332507880819434831209946423768997192382812500000000000000e-01
13 11 -1.5776962194452206489359014085493981838226318359375000000000000000e+00
13 12 -3.6748838833953580973457064828835427761077880859375000000000000000e+00
13 13 1.1650681551224860044158049277029931545257568359375000000000000000e+01
13 14 -3.0758914225501277073249184468295425176620483398437500000000000000e+00
13 15 1.1840520744452980306249401110108010470867156982421875000000000000e+00
13 16 -2.6263258451838851215143222361803054809570312500000000000000000000e+00
13 17 -1.2036389598691215052639336136053316295146942138671875000000000000e+00
13 18 2.8230235203131581744884215368074364960193634033203125000000000000e-01
13 19 -1.6066253185208239084857950729201547801494598388671875000000000000e+00
13 20 -2.0470355046740737470223336913477396592497825622558593750000000000e-01
13 21 3.7876295189636721705284116978873498737812042236328125000000000000e-01
13 22 -7.8445896316590268959600962261902168393135070800781250000000000000e-01
13 23 1.0432727525062901463570597115904092788696289062500000000000000000e+00
13 24 3.7604357971292725615342078526737168431282043457031250000000000000e+00
13 25 9.0004250643879046833717438858002424240112304687500000000000000000e-01
13 26 9.5571690339407455727638307507731951773166656494140625000000000000e-01
13 27 -5.3075275996793236377158109462470747530460357666015625000000000000e-02
13 31 1.4521476616569202189310772155295126140117645263671875000000000000e+00
13 32 -6.4862374907858411088312777792452834546566009521484375000000000000e-01
13 33 1.7691553562209894057133396927383728325366973876953125000000000000e+00
13 34 -1.1842866452419604783585782570298761129379272460937500000000000000e+00
13 35 -6.9498962771606542787594662513583898544311523437500000000000000000e-01
13 36 3.7828014321976122236179662650101818144321441650390625000000000000e-01
13 40 4.7318558150373646320474563253810629248619079589843750000000000000e-01
13 41 -2.6885301581017551075802884952281601727008819580078125000000000000e-01
13 42 -1.4531910062709441078254712920170277357101440429687500000000000000e+00
13 43 -1.1240017115460581020869312851573340594768524169921875000000000000e+00
13 44 -3.3828047258528659568810326163657009601593017578125000000000000000e-01
13 45 -4.1904274935635893450935895998554769903421401977539062500000000000e-01
13 61 8.5158419605405344388060484561719931662082672119140625000000000000e-01
13 62 -3.3835099023200393419941178763110656291246414184570312500000000000e-01
13 63 -4.6851855494161653847839943409780971705913543701171875000000000000e-01
14 1 8.4675044420645917409018466059933416545391082763671875000000000000e-01
14 2 1.6397812495203476501615114102605730295181274414062500000000000000e+00
14 3 2.1653998661061696351382011016539763659238815307617187500000000000e-01
14 4 -1.2131390411947955421112510521197691559791564941406250000000000000e+00
14 5 1.2716388927841077993718954530777409672737121582031250000000000000e+00
14 6 2.4995247950024723770923174015479162335395812988281250000000000000e+00
14 7 -1.1761115940428457093958058976568281650543212890625000000000000000e+00
14 8 -4.1345907107887752696129268770164344459772109985351562500000000000e-01
14 9 6.8243637930894007759263786283554509282112121582031250000000000000e-01
14 10 -2.0351534608448420549109414423583075404167175292968750000000000000e+00
14 11 -3.2597516840433327089954218536149710416793823242187500000000000000e-02
14 12 -9.0550755617281897258408207562752068042755126953125000000000000000e-01
14 13 -3.0758914225501277073249184468295425176620483398437500000000000000e+00
14 14 2.1548537114081455001723952591419219970703125000000000000000000000e+01
14 15 -2.6766812224416094423418144288007169961929321289062500000000000000e+00
14 16 2.5072536889023888662109129654709249734878540039062500000000000000e-01
14 17 1.5302583723925611280947123304940760135650634765625000000000000000e+00
14 18 -1.1144142365878058065220557182328775525093078613281250000000000000e+00
14 19 -1.0656661453703322184338730949093587696552276611328125000000000000e+00
14 20 4.0086569572828745222636825928930193185806274414062500000000000000e+00
14 21 -4.3923066797027365826266986914561130106449127197265625000000000000e-01
14 22 3.7535095089764336506732433917932212352752685546875000000000000000e+00
14 23 -1.0888611728844330706067466962849721312522888183593750000000000000e+00
14 24 -3.3917427298335978136378798808436840772628784179687500000000000000e+00
14 25 3.6019690312528540587777570181060582399368286132812500000000000000e+00
14 26 1.6041256577970230967622455864329822361469268798828125000000000000e+00
14 27 1.4744233904445112059988787223119288682937622070312500000000000000e+00
14 28 -9.6947137987660425562097543661366216838359832763671875000000000000e-01
14 29 -2.3710971260275159888664120444445870816707611083984375000000000000e-01
14 30 4.7170691678373666277934717072639614343643188476562500000000000000e-01
14 31 -4.6296279878060131451888992160093039274215698242187500000000000000e-01
14 32 -2.4399627805483010689613365684635937213897705078125000000000000000e+00
14 33 -1.1548362606724511536526733834762126207351684570312500000000000000e+00
14 34 1.9259016885629920423639305226970463991165161132812500000000000000e-03
14 35 -7.5181364233341330116644485315191559493541717529296875000000000000e-01
14 36 -3.6788554489951391657243107147223781794309616088867187500000000000e-01
14 37 -1.0024482147717542201981189009529771283268928527832031250000000000e-01
14 38 8.6821157160784201423098238592501729726791381835937500000000000000e-01
14 39 3.1502344995581321729360979588818736374378204345703125000000000000e-01
14 46 -9.6910202253990940235439666139427572488784790039062500000000000000e-01
14 47 -4.6783512329734551482562920909913373179733753204345703125000000000e-02
14 48 -3.1832910686336374217475508885399904102087020874023437500000000000e-01
14 49 -1.8335341230799626077718755823298124596476554870605468750000000000e-01
14 50 7.5281617988886007086790641551488079130649566650390625000000000000e-01
14 51 1.3498610024049811917379315673315431922674179077148437500000000000e-01
14 52 4.2340285618431688918761324202932883054018020629882812500000000000e-01
14 53 5.5145301554160155999007031368819298222661018371582031250000000000e-02
14 54 -5.2866549699059883771212753345025703310966491699218750000000000000e-01
14 55 -3.4535476786286140038484404612972866743803024291992187500000000000e-01
14 56 -6.2153752506964698998359608594910241663455963134765625000000000000e-02
14 57 5.2810175530718886371950304692290956154465675354003906250000000000e-02
14 61 -5.9857923885613806280758808497921563684940338134765625000000000000e-01
14 62 -1.4266671659118688175738043355522677302360534667968750000000000000e+00
14 63 -7.4923234715710562703350205993046984076499938964843750000000000000e-01
15 1 -3.3812968138766455461485804789845133200287818908691406250000000000e-05
15 2 -2.1379822238793125266376193849282572045922279357910156250000000000e-01
15 3 -5.9409745537873470677681098095490597188472747802734375000000000000e-01
15 4 1.3518463077251188786398472529981518164277076721191406250000000000e-01
15 5 -4.3923809441311412182784579272265546023845672607421875000000000000e-02
15 6 1.1483383777649975865386977602611295878887176513671875000000000000e+00
15 7 -9.5254374901401228648012420308077707886695861816406250000000000000e-01
15 8 -2.7071411624358565628511996692395769059658050537109375000000000000e-01
15 9 1.2956244062810906569893631967715919017791748046875000000000000000e-01
15 10 -1.5376042693233360481031013478059321641921997070312500000000000000e-01
15 11 5.3646500859274504069418298968230374157428741455078125000000000000e-01
15 12 1.9052029253924620544324852744466625154018402099609375000000000000e+00
15 13 1.1840520744452980306249401110108010470867156982421875000000000000e+00
15 14 -2.6766812224416094423418144288007169961929321289062500000000000000e+00
15 15 8.0688531355533275046809649211354553699493408203125000000000000000e+00
15 16 -4.3418013938334256707207714498508721590042114257812500000000000000e+00
15 17 7.4711851282410202124140141677344217896461486816406250000000000000e-01
15 18 4.8032874054078793235600386424266616813838481903076171875000000000e-02
15 19 -3.3331786603321034156977020757040008902549743652343750000000000000e-01
15 20 -3.8720709034073569343448184554290492087602615356445312500000000000e-02
15 21 6.3892439147213916927903198939020512625575065612792968750000000000e-02
15 22 -4.0021230009868619115209753545059356838464736938476562500000000000e-01
15 23 1.6654835943144774557111986723612062633037567138671875000000000000e+00
15 24 -1.6580434563696544447708447478362359106540679931640625000000000000e-01
15 25 -6.4952382469378733276244020089507102966308593750000000000000000000e-01
15 26 4.2085318748982303294070561605622060596942901611328125000000000000e-02
15 27 1.5930291572170918179551790672121569514274597167968750000000000000e-01
15 31 4.9957196139685056124335460481233894824981689453125000000000000000e-01
15 32 -1.1094247805836434661586054062354378402233123779296875000000000000e+00
15 33 -3.4271384057452447535752071416936814785003662109375000000000000000e-02
15 34 -3.6673175125320489620150965492939576506614685058593750000000000000e-01
15 35 -9.5555802904545927844992547761648893356323242187500000000000000000e-01
15 36 -8.7510990111439246330604646573192439973354339599609375000000000000e-01
15 40 -5.6252184788888486000058009040003526024520397186279296875000000000e-02
15 41 -1.5175241271164985334962693741545081138610839843750000000000000000e-01
15 42 3.4340111080045165881102775529143400490283966064453125000000000000e-01
15 43 1.5558195251992551488839922058105003088712692260742187500000000000e-01
15 44 1.3732955850625300220357871694432105869054794311523437500000000000e-01
15 45 4.5351917707786598699115643285040277987718582153320312500000000000e-02
15 61 -1.7105912193011058031189008943329099565744400024414062500000000000e-01
15 62 1.4165130439208192814071196607983438298106193542480468750000000000e-01
15 63 7.5397458677636405854904921852721599861979484558105468750000000000e-02
16 1 2.6580225770880572255805418535601347684860229492187500000000000000e-01
